1 1 1 0.93647 -2.8631 4.9013 172.95 96.221 52.63 0.53796 0 0 1 -59.96 60.48 -60 60 0 0 1 0 0 1 263.5 1375.5 171.5 0 0 0 0 0 1 0 1 0
2 1 1 1.0376 -7.6337 4.8286 172.91 96.196 52.405 0.52842 0 0 1 -59.96 60.48 -60 60 0 0 1 0 0 1 265.5 1365.5 170.5 0 0 0 0 0 1 0 1 0
3 1 1 0.051147 1.2858 4.8345 172.88 96.15 52.36 0.5467 0 0 1 -59.96 60.48 -60 60 0 0 1 0 0 1 266.5 1356.5 170.5 0 0 0 0 0 1 0 1 0
4 1 1 0.12003 -3.5823 4.8027 172.72 96.136 51.943 0.54005 0 0 1 -59.96 60.48 -60 60 0 0 1 0 0 1 268.5 1346.5 169.5 0 0 0 0 0 1 0 1 0
5 1 1 0.34624 -3.2431 4.2715 172.74 95.818 51.705 0.53135 0 0 1 -59.96 60.48 -60 60 0 0 1 0 0 1 269.5 1336.5 169.5 0 0 0 0 0 1 0 1 0
6 1 1 -0.92184 0.67085 4.8774 172.86 95.857 51.632 0.54655 0 0 1 -59.96 60.48 -60 60 0 0 1 0 0 1 271.5 1327.5 168.5 0 0 0 0 0 1 0 1 0
7 1 1 0.13736 -4.2181 3.8263 172.99 96.255 51.643 0.54853 0 0 1 -59.96 60.48 -60 60 0 0 1 0 0 1 272.5 1317.5 168.5 0 0 0 0 0 1 0 1 0
8 1 1 -1.2657 -0.29572 4.6138 172.94 96.157 51.794 0.54359 0 0 1 -59.96 60.48 -60 60 0 0 1 0 0 1 274.5 1308.5 167.5 0 0 0 0 0 1 0 1 0
9 1 1 -0.85693 -0.020287 3.8173 173.08 96.386 51.434 0.55958 0 0 1 -59.96 60.48 -60 60 0 0 1 0 0 1 275.5 1298.5 167.5 0 0 0 0 0 1 0 1 0
10 1 1 -0.88714 -4.8008 3.7434 173.12 96.255 51.164 0.55736 0 0 1 -59.96 60.48 -60 60 0 0 1 0 0 1 277.5 1288.5 166.5 0 0 0 0 0 1 0 1 0
11 1 1 -1.3059 -1.0653 4.3705 173.2 96.207 50.803 0.54996 0 0 1 -59.96 60.48 -60 60 0 0 1 0 0 1 278.5 1279.5 165.5 0 0 0 0 0 1 0 1 0
12 1 1 -1.9714 -0.71319 3.6451 173.14 96.392 51.198 0.55281 0 0 1 -59.96 60.48 -60 60 0 0 1 0 0 1 280.5 1269.5 165.5 0 8.5377e-07 0 0 0 1 0 1 0
13 1 1 -1.6722 -0.6076 3.8163 173.11 96.659 50.875 0.54528 0 0 1 -59.96 60.48 -60 60 0 0 1 0 0 1 281.5 1259.5 164.5 0 1.2074e-06 0 0 0 1 0 1 0
14 1 1 -2.0125 3.3496 3.6088 173.16 96.554 51.025 0.55194 0 0 1 -59.96 60.48 -60 60 0 0 1 0 0 1 282.5 1250.5 164.5 0 8.5377e-07 0 0 0 1 0 1 0
15 1 1 -2.1714 -1.353 3.5815 173.17 96.579 50.69 0.54577 0 0 1 -59.96 60.48 -60 60 0 0 1 0 0 1 284.5 1240.5 163.5 0 8.5377e-07 0 0 0 1 0 1 0
16 1 1 -1.7637 -1.1521 3.6918 173.1 96.283 50.619 0.55085 0 0 1 -59.96 60.48 -60 60 0 0 1 0 0 1 285.5 1230.5 162.5 0 0 0 0 0 1 0 1 0
17 1 1 -3.2025 2.6875 3.3432 172.99 96.333 50.443 0.54539 0 0 1 -59.96 60.48 -60 60 0 0 1 0 0 1 287.5 1221.5 162.5 0 0+1.2074e-06i 0 0 0 1 0 1 0
18 1 1 -2.7947 3.0321 3.6409 173.04 96.321 50.606 0.54629 0 0 1 -59.96 60.48 -60 60 0 0 1 0 0 1 288.5 1211.5 161.5 0 0+1.2074e-06i 0 0 0 1 0 1 0
19 1 1 -1.8323 -1.7511 2.6059 173.02 96.691 50.267 0.54699 0 0 1 -59.96 60.48 -60 60 0 0 1 0 0 1 289.5 1201.5 161.5 0 0 0 0 0 1 0 1 0
20 1 1 -3.2665 2.1132 3.1941 173.04 96.676 49.955 0.54215 0 0 1 -59.96 60.48 -60 60 0 0 1 0 0 1 291.5 1192.5 160.5 0 8.5377e-07 0 0 0 1 0 1 0
21 1 1 -2.8628 2.3117 3.3374 173.17 96.754 49.912 0.53908 0 0 1 -59.96 60.48 -60 60 0 0 1 0 0 1 292.5 1182.5 159.5 0 1.2074e-06 0 0 0 1 0 1 0
22 1 1 -1.9844 -2.5882 2.2466 173.21 96.803 49.92 0.53799 0 0 1 -59.96 60.48 -60 60 0 0 1 0 0 1 293.5 1172.5 159.5 0 8.5377e-07 0 0 0 1 0 1 0
23 1 1 -1.7547 -3.2877 2.5974 173.4 96.506 50.117 0.52977 0 0 1 -59.96 60.48 -60 60 0 0 1 0 0 1 294.5 1163.5 158.5 0 0+1.2074e-06i 0 0 0 1 0 1 0
24 1 1 -3.2353 1.6311 3.1918 173.43 96.31 49.856 0.53639 0 0 1 -59.96 60.48 -60 60 0 0 1 0 0 1 296.5 1153.5 157.5 0 0+1.2074e-06i 0 0 0 1 0 1 0
25 1 1 -2.8428 0.74496 2.3665 173.55 96.34 49.411 0.53789 0 0 1 -59.96 60.48 -60 60 0 0 1 0 0 1 297.5 1144.5 157.5 0 8.5377e-07 0 0 0 1 0 1 0
26 1 1 -2.0563 -4.1561 2.345 173.57 96.113 49.58 0.54743 0 0 1 -59.96 60.48 -60 60 0 0 1 0 0 1 298.5 1134.5 156.5 0 8.5377e-07 0 0 0 1 0 1 0
27 1 1 -2.7345 -3.8317 2.6096 173.34 96.434 49.998 0.53281 0 0 1 -59.96 60.48 -60 60 0 0 1 0 0 1 300.5 1124.5 155.5 0 0 0 0 0 1 0 1 0
28 1 1 -3.2071 -0.062935 2.2861 173.32 96.669 49.951 0.54368 0 0 1 -59.96 60.48 -60 60 0 0 1 0 0 1 301.5 1115.5 155.5 0 0 0 0 0 1 0 1 0
29 1 1 -2.8586 0.19943 2.3987 173.2 96.758 49.54 0.54721 0 0 1 -59.96 60.48 -60 60 0 0 1 0 0 1 302.5 1105.5 154.5 0 0 0 0 0 1 0 1 0
30 1 1 -2.04 -4.6931 2.3301 173.36 96.896 49.796 0.55396 0 0 1 -59.96 60.48 -60 60 0 0 1 0 0 1 303.5 1095.5 153.5 0 8.5377e-07 0 0 0 1 0 1 0
31 1 1 -3.0347 4.2282 2.3246 173.35 96.919 49.64 0.55037 0 0 1 -59.96 60.48 -60 60 0 0 1 0 0 1 304.5 1086.5 153.5 0 0 0 0 0 1 0 1 0
32 1 1 -2.1847 -0.62555 2.2429 173.43 96.662 49.817 0.55402 0 0 1 -59.96 60.48 -60 60 0 0 1 0 0 1 305.5 1076.5 152.5 0 0 0 0 0 1 0 1 0
33 1 1 -2.9263 -0.34654 2.589 173.49 96.485 49.971 0.55219 0 0 1 -59.96 60.48 -60 60 0 0 1 0 0 1 307.5 1066.5 151.5 0 8.5377e-07 0 0 0 1 0 1 0
34 1 1 -2.1978 -5.2977 1.3861 173.63 96.273 49.507 0.5537 0 0 1 -59.96 60.48 -60 60 0 0 1 0 0 1 308.5 1056.5 151.5 0 0 0 0 0 1 0 1 0
35 1 1 -3.1921 3.6408 2.3909 173.64 96.258 49.54 0.55236 0 0 1 -59.96 60.48 -60 60 0 0 1 0 0 1 309.5 1047.5 150.5 0 0+1.2074e-06i 0 0 0 1 0 1 0
36 1 1 -2.8647 3.768 2.693 173.6 96.02 49.795 0.55164 0 0 1 -59.96 60.48 -60 60 0 0 1 0 0 1 310.5 1037.5 149.5 0 0+1.2074e-06i 0 0 0 1 0 1 0
37 1 1 -2.118 -1.0938 2.6833 173.56 96.301 49.624 0.55461 0 0 1 -59.96 60.48 -60 60 0 0 1 0 0 1 311.5 1027.5 148.5 0 8.5377e-07 0 0 0 1 0 1 0
38 1 1 -1.811 -1.8455 2.0316 173.48 96.375 49.257 0.55891 0 0 1 -59.96 60.48 -60 60 0 0 1 0 0 1 312.5 1018.5 148.5 0 1.2074e-06 0 0 0 1 0 1 0
39 1 1 -2.2747 2.9718 2.6725 173.41 96.316 49.412 0.54946 0 0 1 -59.96 60.48 -60 60 0 0 1 0 0 1 313.5 1008.5 147.5 0 8.5377e-07 0 0 0 1 0 1 0
40 1 1 -2.0236 3.1913 2.9373 173.4 96.502 49.337 0.56637 0 0 1 -59.96 60.48 -60 60 0 0 1 0 0 1 314.5 998.5 146.5 0 8.5377e-07 0 0 0 1 0 1 0
41 1 1 -1.7494 2.3365 2.2536 173.44 96.761 49.121 0.5633 0 0 1 -59.96 60.48 -60 60 0 0 1 0 0 1 315.5 989.5 146.5 0 0 0 0 0 1 0 1 0
42 1 1 -0.96284 -2.6137 2.1818 173.51 96.77 49.069 0.5675 0 0 1 -59.96 60.48 -60 60 0 0 1 0 0 1 316.5 979.5 145.5 0 8.5377e-07 0 0 0 1 0 1 0
43 1 1 -0.8044 -2.3612 2.3655 173.77 96.594 48.789 0.56187 0 0 1 -59.96 60.48 -60 60 0 0 1 0 0 1 317.5 969.5 144.5 0 0+1.2074e-06i 0 0 0 1 0 1 0
44 1 1 -1.2758 1.6118 3.142 173.69 96.477 48.794 0.5624 0 0 1 -59.96 60.48 -60 60 0 0 1 0 0 1 318.5 960.5 143.5 0 0 0 0 0 1 0 1 0
45 1 1 -2.061 1.6713 2.3216 173.72 96.698 48.487 0.56432 0 0 1 -59.96 60.48 -60 60 0 0 1 0 0 1 320.5 950.5 143.5 0 0+1.2074e-06i 0 0 0 1 0 1 0
46 1 1 -1.2756 -3.2496 2.139 173.74 96.661 48.172 0.56229 0 0 1 -59.96 60.48 -60 60 0 0 1 0 0 1 321.5 940.5 142.5 0 8.5377e-07 0 0 0 1 0 1 0
47 1 1 -1.1204 -4.1525 2.3475 173.63 96.378 48.175 0.56587 0 0 1 -59.96 60.48 -60 60 0 0 1 0 0 1 322.5 931.5 141.5 0 0 0 0 0 1 0 1 0
48 1 1 -0.82701 -3.8219 1.6195 173.66 96.336 48.262 0.55634 0 0 1 -59.96 60.48 -60 60 0 0 1 0 0 1 323.5 921.5 141.5 0 0 0 0 0 1 0 1 0
49 1 1 -0.68494 -3.7263 1.7463 173.66 96.537 48.059 0.54503 0 0 1 -59.96 60.48 -60 60 0 0 1 0 0 1 324.5 911.5 140.5 0 0 0 0 0 1 0 1 0
50 1 1 -1.1541 0.15853 2.3906 173.78 96.672 47.691 0.54965 0 0 1 -59.96 60.48 -60 60 0 0 1 0 0 1 325.5 902.5 139.5 0 1.2074e-06 0 0 0 1 0 1 0
51 1 1 -0.8759 0.33283 2.6326 173.87 96.816 47.948 0.55491 0 0 1 -59.96 60.48 -60 60 0 0 1 0 0 1 326.5 892.5 138.5 0 8.5377e-07 0 0 0 1 0 1 0
52 1 1 -0.73584 0.37912 1.8036 173.82 96.881 47.85 0.54981 0 0 1 -59.96 60.48 -60 60 0 0 1 0 0 1 327.5 882.5 138.5 0 8.5377e-07 0 0 0 1 0 1 0
53 1 1 -1.1389 -5.4026 1.7933 173.91 96.764 47.831 0.5442 0 0 1 -59.96 60.48 -60 60 0 0 1 0 0 1 329.5 873.5 137.5 0 0 0 0 0 1 0 1 0
54 1 1 -0.9154 -5.3454 2.0192 174.01 96.696 47.57 0.55121 0 0 1 -59.96 60.48 -60 60 0 0 1 0 0 1 330.5 863.5 136.5 0 0+1.2074e-06i 0 0 0 1 0 1 0
55 1 1 -0.74067 -5.2503 2.2565 173.9 96.751 47.458 0.55241 0 0 1 -59.96 60.48 -60 60 0 0 1 0 0 1 331.5 853.5 135.5 0 0+1.2074e-06i 0 0 0 1 0 1 0
56 1 1 -1.2517 -1.3652 1.8025 173.84 96.499 47.634 0.55732 0 0 1 -59.96 60.48 -60 60 0 0 1 0 0 1 332.5 844.5 135.5 0 0 0 0 0 1 0 1 0
57 1 1 -1.0841 -1.2842 2.1638 173.88 96.54 47.791 0.57167 0 0 1 -59.96 60.48 -60 60 0 0 1 0 0 1 333.5 834.5 134.5 0 0+1.2074e-06i 0 0 0 1 0 1 0
58 1 1 -0.87064 -1.2094 2.354 173.82 96.462 47.527 0.56487 0 0 1 -59.96 60.48 -60 60 0 0 1 0 0 1 334.5 824.5 133.5 0 8.5377e-07 0 0 0 1 0 1 0
59 1 1 -0.69589 -1.9049 2.6613 173.92 96.425 47.68 0.56166 0 0 1 -59.96 60.48 -60 60 0 0 1 0 0 1 335.5 815.5 132.5 0 0 0 0 0 1 0 1 0
60 1 1 -2.2135 2.8213 3.3474 173.92 96.046 47.539 0.56474 0 0 1 -59.96 60.48 -60 60 0 0 1 0 0 1 337.5 805.5 131.5 0 0 0 0 0 1 0 1 0
61 1 1 -1.9684 3.0729 2.6629 173.84 95.977 47.527 0.56494 0 0 1 -59.96 60.48 -60 60 0 0 1 0 0 1 338.5 795.5 131.5 0 0+1.2074e-06i 0 0 0 1 0 1 0
62 1 1 -1.7896 2.2479 2.9169 173.77 96.197 47.568 0.57168 0 0 1 -59.96 60.48 -60 60 0 0 1 0 0 1 339.5 786.5 130.5 0 0+1.2074e-06i 0 0 0 1 0 1 0
63 1 1 -1.1347 -2.6906 2.8617 173.72 96.534 47.447 0.56698 0 0 1 -59.96 60.48 -60 60 0 0 1 0 0 1 340.5 776.5 129.5 0 0+1.2074e-06i 0 0 0 1 0 1 0
64 1 1 -0.86581 -2.6152 3.2439 173.73 96.854 47.256 0.55539 0 0 1 -59.96 60.48 -60 60 0 0 1 0 0 1 341.5 766.5 128.5 0 0 0 0 0 1 0 1 0
65 1 1 -1.3276 1.3357 2.7691 173.76 96.83 47.245 0.54177 0 0 1 -59.96 60.48 -60 60 0 0 1 0 0 1 342.5 757.5 128.5 0 8.5377e-07 0 0 0 1 0 1 0
66 1 1 -1.1841 1.4172 3.1098 173.72 96.539 47.015 0.54992 0 0 1 -59.96 60.48 -60 60 0 0 1 0 0 1 343.5 747.5 127.5 0 0 0 0 0 1 0 1 0
67 1 1 -2.0541 1.6495 3.3509 173.75 96.277 46.913 0.55521 0 0 1 -59.96 60.48 -60 60 0 0 1 0 0 1 345.5 737.5 126.5 0 0 0 0 0 1 0 1 0
68 1 1 -1.829 0.76759 3.6371 173.63 96.208 47.085 0.55898 0 0 1 -59.96 60.48 -60 60 0 0 1 0 0 1 346.5 728.5 125.5 0 8.5377e-07 0 0 0 1 0 1 0
69 1 1 -1.1892 -4.1957 2.6248 173.89 96.046 47.1 0.55056 0 0 1 -59.96 60.48 -60 60 0 0 1 0 0 1 347.5 718.5 125.5 0 1.2074e-06 0 0 0 1 0 1 0
70 1 1 -0.98302 -4.019 2.8431 173.92 96.124 46.603 0.56386 0 0 1 -59.96 60.48 -60 60 0 0 1 0 0 1 348.5 708.5 124.5 0 8.5377e-07 0 0 0 1 0 1 0
71 1 1 -0.81419 -4.8173 3.2579 173.96 96.077 46.469 0.5631 0 0 1 -59.96 60.48 -60 60 0 0 1 0 0 1 349.5 699.5 123.5 0 0+1.2074e-06i 0 0 0 1 0 1 0
72 1 1 -1.3079 -0.010582 2.8841 173.85 95.84 46.541 0.5594 0 0 1 -59.96 60.48 -60 60 0 0 1 0 0 1 350.5 689.5 123.5 0 1.2074e-06 0 0 0 1 0 1 0
73 1 1 -1.1956 0.14494 3.2538 173.89 95.779 46.337 0.56452 0 0 1 -59.96 60.48 -60 60 0 0 1 0 0 1 351.5 679.5 122.5 0 0 0 0 0 1 0 1 0
74 1 1 -2.0006 -0.75505 3.5945 173.74 96.118 46.533 0.56892 0 0 1 -59.96 60.48 -60 60 0 0 1 0 0 1 353.5 670.5 121.5 0 8.5377e-07 0 0 0 1 0 1 0
75 1 1 -1.8061 -0.67801 2.7956 173.7 96.383 46.101 0.57483 0 0 1 -59.96 60.48 -60 60 0 0 1 0 0 1 354.5 660.5 121.5 0 0 0 0 0 1 0 1 0
76 1 1 -1.6872 -0.61123 3.2168 173.69 96.485 45.864 0.56399 0 0 1 -59.96 60.48 -60 60 0 0 1 0 0 1 355.5 650.5 120.5 0 8.5377e-07 0 0 0 1 0 1 0
77 1 1 -2.1845 3.3181 2.8775 173.82 96.462 45.918 0.56839 0 0 1 -59.96 60.48 -60 60 0 0 1 0 0 1 356.5 641.5 120.5 0 8.5377e-07 0 0 0 1 0 1 0
78 1 1 -1.9984 3.3788 3.2886 173.86 96.352 45.502 0.56416 0 0 1 -59.96 60.48 -60 60 0 0 1 0 0 1 357.5 631.5 119.5 0 0 0 0 0 1 0 1 0
79 1 1 -2.8764 3.5915 2.635 173.94 96.18 45.642 0.55574 0 0 1 -59.96 60.48 -60 60 0 0 1 0 0 1 359.5 621.5 119.5 0 0+1.2074e-06i 0 0 0 1 0 1 0
80 1 1 -2.7691 2.6841 2.8352 174.1 95.917 45.49 0.56279 0 0 1 -59.96 60.48 -60 60 0 0 1 0 0 1 360.5 612.5 118.5 0 0 0 0 0 1 0 1 0
81 1 1 -2.1613 -2.3107 1.9888 174.01 95.802 45.273 0.56026 0 0 1 -59.96 60.48 -60 60 0 0 1 0 0 1 361.5 602.5 118.5 0 8.5377e-07 0 0 0 1 0 1 0
82 1 1 -2.0161 -2.2781 1.3419 174 95.874 45.114 0.55856 0 0 1 -59.96 60.48 -60 60 0 0 1 0 0 1 362.5 592.5 118.5 0 0 0 0 0 1 0 1 0
83 1 1 -1.8458 -2.1259 1.6872 173.89 95.827 45.405 0.56168 0 0 1 -59.96 60.48 -60 60 0 0 1 0 0 1 363.5 582.5 117.5 0 0 0 0 0 1 0 1 0
84 1 1 -1.7438 -3.042 1.1224 174.05 95.777 45.252 0.55851 0 0 1 -59.96 60.48 -60 60 0 0 1 0 0 1 364.5 573.5 117.5 0 0 0 0 0 1 0 1 0
85 1 1 -3.2729 1.7626 0.75212 174.09 95.741 45.224 0.55584 0 0 1 -59.96 60.48 -60 60 0 0 1 0 0 1 366.5 563.5 117.5 0 0+1.2074e-06i 0 0 0 1 0 1 0
86 1 1 -3.222 1.8146 1.2569 174.15 95.846 45.165 0.5579 0 0 1 -59.96 60.48 -60 60 0 0 1 0 0 1 367.5 553.5 116.5 0 0 0 0 0 1 0 1 0
87 1 1 -3.1037 1.0649 0.64166 174.2 95.774 45.417 0.56339 0 0 1 -59.96 60.48 -60 60 0 0 1 0 0 1 368.5 544.5 116.5 0 0 0 0 0 1 0 1 0
88 1 1 -3.0192 1.1356 0.035378 174.42 95.734 45.254 0.57405 0 0 1 -59.96 60.48 -60 60 0 0 1 0 0 1 369.5 534.5 116.5 0 0 0 0 0 1 0 1 0
89 1 1 -3.0272 1.19 0.38312 174.62 95.684 45.198 0.56768 0 0 1 -59.96 60.48 -60 60 0 0 1 0 0 1 370.5 524.5 115.5 0 0 0 0 0 1 0 1 0
90 1 1 -3.9609 0.27205 -0.18704 174.7 95.766 45.309 0.56673 0 0 1 -59.96 60.48 -60 60 0 0 1 0 0 1 372.5 515.5 115.5 0 0 0 0 0 1 0 1 0
91 1 1 -3.9479 0.30918 -0.65253 174.55 95.391 44.897 0.55971 0 0 1 -59.96 60.48 -60 60 0 0 1 0 0 1 373.5 505.5 115.5 0 0 0 0 0 1 0 1 0
92 1 1 -3.9491 0.36626 -0.20903 174.52 95.212 44.789 0.56198 0 0 1 -59.96 60.48 -60 60 0 0 1 0 0 1 374.5 495.5 114.5 0 0 0 0 0 1 0 1 0
93 1 1 -3.9173 -0.607 -0.66394 174.51 95.331 44.51 0.55086 0 0 1 -59.96 60.48 -60 60 0 0 1 0 0 1 375.5 486.5 114.5 0 0 0 0 0 1 0 1 0
94 1 1 -3.9611 -0.41671 -1.2188 174.4 94.977 44.366 0.54641 0 0 1 -59.96 60.48 -60 60 0 0 1 0 0 1 376.5 476.5 114.5 0 0 0 0 0 1 0 1 0
95 1 1 -4.8653 -0.3961 -0.69588 174.11 95.202 43.831 0.53325 0 0 1 -59.96 60.48 -60 60 0 0 1 0 0 1 378.5 466.5 113.5 0 1.2074e-06 0 0 0 1 0 1 0
96 1 1 -4.7441 -1.3286 -1.2947 173.85 95.478 43.452 0.5225 0 0 1 -59.96 60.48 -60 60 0 0 1 0 0 1 379.5 457.5 113.5 0 1.4788e-06 0 0 0 1 0 1 0
97 1 1 -5.1531 3.4113 -1.6008 173.56 95.882 43.314 0.507 0 0 1 -59.96 60.48 -60 60 0 0 1 0 0 1 380.5 447.5 113.5 0 0 0 0 0 1 0 1 0
98 1 1 -4.9676 3.6384 -1.1792 173.15 95.883 42.978 0.4971 0 0 1 -59.96 60.48 -60 60 0 0 1 0 0 1 381.5 437.5 112.5 0 0 0 0 0 1 0 1 0
99 1 1 -6 2.5831 -2 172.6 95.17 42.552 0.46987 0 0 1 -59.96 60.48 -60 60 0 0 1 0 0 1 383.5 428.5 112.5 0 0 0 0 0 1 0 1 0
100 1 1 -5.2609 2.784 -2.1216 171.8 95.132 43.419 0.44859 0 0 1 -59.96 60.48 -60 60 0 0 1 0 0 1 384.5 418.5 112.5 0 0+1.2074e-06i 0 0 0 1 0 1 0
101 1 1 -1.7 -6.659 -2.398 172.09 95.803 54.067 0.49834 0 0 1 -59.96 60.48 -60 60 0 0 1 0 0 1 385.5 408.5 112.5 0 8.5377e-07 0 0 0 1 0 1 0
102 1 1 -2.0136 -1.7383 -1.6583 172.37 95.469 54.353 0.53573 0 0 1 -59.96 60.48 -60 60 0 0 1 0 0 1 386.5 398.5 111.5 0 0 0 0 0 1 0 1 0
103 1 1 -2.2852 2.2127 -1.8173 172.38 95.661 54.674 0.53133 0 0 1 -59.96 60.48 -60 60 0 0 1 0 0 1 387.5 389.5 111.5 0 8.5377e-07 0 0 0 1 0 1 0
104 1 1 -2.175 -2.3931 -2.6265 172.21 95.23 55.089 0.54425 0 0 1 -59.96 60.48 -60 60 0 0 1 0 0 1 389.5 379.5 111.5 0 0+1.2074e-06i 0 0 0 1 0 1 0
105 1 1 -0.80864 -6.9437 -3.3009 172.28 95.227 55.895 0.54543 0 0 1 -59.96 60.48 -60 60 0 0 1 0 0 1 390.5 369.5 111.5 0 1.2074e-06 0 0 0 1 0 1 0
106 1 1 -1.8268 1.899 -2.2881 172.32 95.285 55.959 0.55861 0 0 1 -59.96 60.48 -60 60 0 0 1 0 0 1 391.5 360.5 110.5 0 0+1.2074e-06i 0 0 0 1 0 1 0
107 1 1 -1.3501 1.7869 -2.6529 172.28 95.613 56.568 0.54686 0 0 1 -59.96 60.48 -60 60 0 0 1 0 0 1 392.5 350.5 110.5 0 0 0 0 0 1 0 1 0
108 1 1 -1.8097 2.2525 -3.2315 172.47 95.488 56.951 0.55416 0 0 1 -59.96 60.48 -60 60 0 0 1 0 0 1 394.5 340.5 110.5 0 0+1.2074e-06i 0 0 0 1 0 1 0
109 1 1 -2.1665 6.108 -3.3709 172.48 95.435 57.431 0.53186 0 0 1 -59.96 60.48 -60 60 0 0 1 0 0 1 395.5 331.5 110.5 0 0 0 0 0 1 0 1 0
110 1 1 -0.84987 1.3808 -3.12 172.52 95.301 58.024 0.54802 0 0 1 -59.96 60.48 -60 60 0 0 1 0 0 1 396.5 321.5 109.5 0 0+1.2074e-06i 0 0 0 1 0 1 0
111 1 1 0.24822 -3.2836 -3.6677 172.63 95.05 58.284 0.54727 0 0 1 -59.96 60.48 -60 60 0 0 1 0 0 1 397.5 311.5 109.5 0 0+1.2074e-06i 0 0 0 1 0 1 0
112 1 1 -1.0677 0.70633 -3.7608 172.71 94.929 58.638 0.55727 0 0 1 -59.96 60.48 -60 60 0 0 1 0 0 1 399.5 302.5 109.5 0 8.5377e-07 0 0 0 1 0 1 0
113 1 1 0.21489 -3.8664 -4.355 172.78 94.362 59.586 0.55058 0 0 1 -59.96 60.48 -60 60 0 0 1 0 0 1 400.5 292.5 109.5 0 0 0 0 0 1 0 1 0
114 1 1 -0.28804 1.9956 -4.7099 171.46 94.76 33.165 0.62206 0 0 1 -59.96 60.48 -60 60 0 0 1 0 0 1 401.5 282.5 109.5 0 0 0 0 0 1 0 1 0
115 1 1 0.20679 1.3921 -4.8771 171.6 94.025 33.676 0.62197 0 0 1 -59.96 60.48 -60 60 0 0 1 0 0 1 402.5 273.5 109.5 0 0 0 0 0 1 0 1 0
116 1 1 0.24657 -3.1697 -4.1917 171.71 93.499 34.347 0.62117 0 0 1 -59.96 60.48 -60 60 0 0 1 0 0 1 404.5 263.5 108.5 0 8.5377e-07 0 0 0 1 0 1 0
117 1 1 -0.12994 1.7471 -4.2707 171.75 93.376 34.369 0.62783 0 0 1 -59.96 60.48 -60 60 0 0 1 0 0 1 405.5 253.5 108.5 0 0 0 0 0 1 0 1 0
118 1 1 1.0226 -3.9302 -4.3054 171.87 93.248 35.069 0.6228 0 0 1 -59.96 60.48 -60 60 0 0 1 0 0 1 406.5 244.5 108.5 0 0+1.2074e-06i 0 0 0 1 0 1 0
119 1 1 -1.2727 -0.011127 -4.2569 172.52 92.008 48.634 0.36637 0 0 1 -59.96 60.48 -60 60 0 0 1 0 0 1 407.5 234.5 108.5 0 0 0 0 0 1 0 1 0
120 1 1 -1.7643 0.23829 -4.2281 172.45 91.676 49.082 0.37106 0 0 1 -59.96 60.48 -60 60 0 0 1 0 0 1 409.5 224.5 108.5 0 0 0 0 0 1 0 1 0
121 1 1 -0.71416 -4.6895 -4.1808 172.58 91.623 49.748 0.3691 0 0 1 -59.96 60.48 -60 60 0 0 1 0 0 1 410.5 214.5 108.5 0 0 0 0 0 1 0 1 0
122 1 1 -1.103 -0.73137 -4.1549 172.67 91.455 50.077 0.37731 0 0 1 -59.96 60.48 -60 60 0 0 1 0 0 1 411.5 205.5 108.5 0 0 0 0 0 1 0 1 0
123 1 1 -0.69712 -0.65744 -3.9357 172.81 91.519 50.616 0.37716 0 0 1 -59.96 60.48 -60 60 0 0 1 0 0 1 412.5 195.5 108.5 0 0 0 0 0 1 0 1 0
124 1 1 -2.0623 4.3314 -3.8883 172.97 91.151 51.009 0.37606 0 0 1 -59.96 60.48 -60 60 0 0 1 0 0 1 414.5 185.5 108.5 0 0 0 0 0 1 0 1 0
125 1 1 -1.6976 3.4073 -3.7286 172.91 91.551 51.374 0.3675 0 0 1 -59.96 60.48 -60 60 0 0 1 0 0 1 415.5 176.5 108.5 0 0 0 0 0 1 0 1 0
126 1 1 -0.72699 -1.3154 -3.6504 173.06 91.222 51.974 0.35602 0 0 1 -59.96 60.48 -60 60 0 0 1 0 0 1 416.5 166.5 108.5 0 0 0 0 0 1 0 1 0
127 1 1 2.0605 -5.9618 -0.64071 174.05 89.627 -175.19 0.52198 0 0 1 -59.96 60.48 -60 60 0 0 1 0 0 2 459.5 176.5 100.5 0 8.5377e-07 0 0 0 1 0 1 0
128 1 1 1.0296 -1.3442 -0.23652 173.96 89.614 -175.36 0.53118 0 0 1 -59.96 60.48 -60 60 0 0 1 0 0 2 458.5 186.5 100.5 0 0+1.2074e-06i 0 0 0 1 0 1 0
129 1 1 1.7357 -0.74033 -0.04731 173.77 90.111 -175.33 0.52759 0 0 1 -59.96 60.48 -60 60 0 0 1 0 0 2 456.5 195.5 100.5 0 0 0 0 0 1 0 1 0
130 1 1 0.69489 3.7872 -0.41711 173.53 89.803 -175.74 0.52204 0 0 1 -59.96 60.48 -60 60 0 0 1 0 0 2 455.5 205.5 101.5 0 8.5377e-07 0 0 0 1 0 1 0
131 1 1 1.0838 -1.0896 -0.24271 173.62 89.797 -175.93 0.53742 0 0 1 -59.96 60.48 -60 60 0 0 1 0 0 2 454.5 215.5 101.5 0 0 0 0 0 1 0 1 0
132 1 1 1.696 -0.39462 0.081955 173.5 89.997 -176.13 0.52564 0 0 1 -59.96 60.48 -60 60 0 0 1 0 0 2 452.5 224.5 101.5 0 1.2074e-06 0 0 0 1 0 1 0
133 1 1 0.67318 4.077 0.61207 173.51 90.235 -176.1 0.52362 0 0 1 -59.96 60.48 -60 60 0 0 1 0 0 2 451.5 234.5 101.5 0 1.4788e-06 0 0 0 1 0 1 0
134 1 1 0.96872 -0.76318 -0.19468 173.54 90.289 -176.19 0.54553 0 0 1 -59.96 60.48 -60 60 0 0 1 0 0 2 450.5 244.5 102.5 0 8.5377e-07 0 0 0 1 0 1 0
135 1 1 0.83931 4.7658 0.3773 173.31 90.427 -176.31 0.53303 0 0 1 -59.96 60.48 -60 60 0 0 1 0 0 2 448.5 253.5 102.5 0 0+1.2074e-06i 0 0 0 1 0 1 0
136 1 1 1.1636 -0.15368 0.66753 173.32 89.971 -176.64 0.53571 0 0 1 -59.96 60.48 -60 60 0 0 1 0 0 2 447.5 263.5 102.5 0 0+1.2074e-06i 0 0 0 1 0 1 0
137 1 1 0.66643 -0.38284 -0.14201 173 90.175 -176.54 0.52324 0 0 1 -59.96 60.48 -60 60 0 0 1 0 0 2 446.5 273.5 103.5 0 1.4788e-06 0 0 0 1 0 1 0
138 1 1 1.9351 -4.3437 0.28582 172.91 90.179 -176.83 0.525 0 0 1 -59.96 60.48 -60 60 0 0 1 0 0 2 444.5 282.5 103.5 0 8.5377e-07 0 0 0 1 0 1 0
139 1 1 0.74888 0.25063 -0.23117 172.82 91.173 -176.54 0.53532 0 0 1 -59.96 60.48 -60 60 0 0 1 0 0 2 443.5 292.5 104.5 0 8.5377e-07 0 0 0 1 0 1 0
140 1 1 1.1203 -4.7104 0.20814 172.73 91.181 -176.52 0.537 0 0 1 -59.96 60.48 -60 60 0 0 1 0 0 2 442.5 302.5 104.5 0 8.5377e-07 0 0 0 1 0 1 0
141 1 1 0.76372 0.78292 0.81131 172.84 91.401 -176.41 0.53484 0 0 1 -59.96 60.48 -60 60 0 0 1 0 0 2 440.5 311.5 104.5 0 8.5377e-07 0 0 0 1 0 1 0
142 1 1 1.1154 -4.2154 0.27636 172.85 91.259 -176.59 0.53292 0 0 1 -59.96 60.48 -60 60 0 0 1 0 0 2 439.5 321.5 105.5 0 0 0 0 0 1 0 1 0
143 1 1 -0.13535 0.34038 1.0332 173.08 91.54 -176.32 0.55035 0 0 1 -59.96 60.48 -60 60 0 0 1 0 0 2 438.5 331.5 105.5 0 0 0 0 0 1 0 1 0
144 1 1 1.249 -3.6487 0.3762 173.04 91.625 -176.46 0.54101 0 0 1 -59.96 60.48 -60 60 0 0 1 0 0 2 436.5 340.5 106.5 0 0 0 0 0 1 0 1 0
145 1 1 0.038063 0.99266 1.1887 173.26 91.005 -176.63 0.56541 0 0 1 -59.96 60.48 -60 60 0 0 1 0 0 2 435.5 350.5 106.5 0 8.5377e-07 0 0 0 1 0 1 0
146 1 1 0.28453 -3.8902 1.5993 173.26 91.133 -176.59 0.5398 0 0 1 -59.96 60.48 -60 60 0 0 1 0 0 2 434.5 360.5 106.5 0 0 0 0 0 1 0 1 0
147 1 1 0.81025 -3.3653 0.98694 173.53 90.899 -176.88 0.5475 0 0 1 -59.96 60.48 -60 60 0 0 1 0 0 2 432.5 369.5 107.5 0 1.4788e-06 0 0 0 1 0 1 0
148 1 1 -0.20891 1.235 1.7984 173.55 91.959 -177.06 0.54371 0 0 1 -59.96 60.48 -60 60 0 0 1 0 0 2 431.5 379.5 107.5 0 0 0 0 0 1 0 1 0
149 1 1 0.23425 -3.7349 1.3358 173.61 91.855 -177.02 0.54187 0 0 1 -59.96 60.48 -60 60 0 0 1 0 0 2 430.5 389.5 108.5 0 0 0 0 0 1 0 1 0
150 1 1 0.75811 -3.0956 1.7936 173.75 91.774 -176.98 0.54443 0 0 1 -59.96 60.48 -60 60 0 0 1 0 0 2 428.5 398.5 108.5 0 0 0 0 0 1 0 1 0
151 1 1 -0.23642 1.5928 1.8697 173.88 92.522 -177.1 0.53278 0 0 1 -59.96 60.48 -60 60 0 0 1 0 0 2 427.5 408.5 109.5 0 0+1.2074e-06i 0 0 0 1 0 1 0
152 1 1 0.23103 -3.3969 2.3923 173.98 92.045 -176.92 0.52761 0 0 1 -59.96 60.48 -60 60 0 0 1 0 0 2 426.5 418.5 109.5 0 8.5377e-07 0 0 0 1 0 1 0
153 1 1 0.87849 -2.7155 2.0927 174.07 92.427 -176.98 0.53016 0 0 1 -59.96 60.48 -60 60 0 0 1 0 0 2 424.5 427.5 110.5 0 1.4788e-06 0 0 0 1 0 1 0
154 1 1 0.044678 2.0693 3.2621 174.31 91.967 -176.84 0.52808 0 0 1 -59.96 60.48 -60 60 0 0 1 0 0 2 423.5 437.5 110.5 0 1.2074e-06 0 0 0 1 0 1 0
155 1 1 -0.30217 1.7435 2.7808 174.27 92.244 -176.79 0.52395 0 0 1 -59.96 60.48 -60 60 0 0 1 0 0 2 422.5 447.5 111.5 0 0 0 0 0 1 0 1 0
156 1 1 1.1534 -2.2634 3.3648 174.11 92.062 -176.83 0.52164 0 0 1 -59.96 60.48 -60 60 0 0 1 0 0 2 420.5 456.5 111.5 0 8.5377e-07 0 0 0 1 0 1 0
157 1 1 0.76137 -2.41 3.0563 174.14 92.263 -177.21 0.51646 0 0 1 -59.96 60.48 -60 60 0 0 1 0 0 2 419.5 466.5 112.5 0 0 0 0 0 1 0 1 0
158 1 1 -0.055237 2.299 4.2114 174.08 92.476 -176.79 0.52509 0 0 1 -59.96 60.48 -60 60 0 0 1 0 0 2 418.5 476.5 112.5 0 0 0 0 0 1 0 1 0
159 1 1 -0.33693 3.1006 3.7764 174.1 92.419 -176.94 0.5182 0 0 1 -59.96 60.48 -60 60 0 0 1 0 0 2 417.5 485.5 113.5 0 0 0 0 0 1 0 1 0
160 1 1 1.0696 -1.9007 3.3135 174.09 92.352 -176.78 0.53556 0 0 1 -59.96 60.48 -60 60 0 0 1 0 0 2 415.5 495.5 114.5 0 0+1.2074e-06i 0 0 0 1 0 1 0
161 1 1 0.20602 2.7712 4.3684 174.38 91.824 -176.5 0.53589 0 0 1 -59.96 60.48 -60 60 0 0 1 0 0 2 414.5 505.5 114.5 0 8.5377e-07 0 0 0 1 0 1 0
162 1 1 -0.14602 3.6324 4.0538 174.71 91.41 -176.36 0.53857 0 0 1 -59.96 60.48 -60 60 0 0 1 0 0 2 413.5 514.5 115.5 0 8.5377e-07 0 0 0 1 0 1 0
163 1 1 0.7252 3.3215 3.6115 174.76 91.942 -176.17 0.53694 0 0 1 -59.96 60.48 -60 60 0 0 1 0 0 2 411.5 524.5 116.5 0 0 0 0 0 1 0 1 0
164 1 1 1.2458 -1.6795 3.9824 174.84 91.897 -176.04 0.54283 0 0 1 -59.96 60.48 -60 60 0 0 1 0 0 2 410.5 534.5 116.5 0 0+1.2074e-06i 0 0 0 1 0 1 0
165 1 1 0.99222 -0.8649 3.6015 174.89 91.574 -176.09 0.54431 0 0 1 -59.96 60.48 -60 60 0 0 1 0 0 2 409.5 543.5 117.5 0 0 0 0 0 1 0 1 0
166 1 1 1.8117 -1.2318 3.1475 174.87 91.458 -176.2 0.54777 0 0 1 -59.96 60.48 -60 60 0 0 1 0 0 2 407.5 553.5 118.5 0 0+1.2074e-06i 0 0 0 1 0 1 0
167 1 1 1.222 3.3752 4.1008 174.62 91.769 -176.39 0.53344 0 0 1 -59.96 60.48 -60 60 0 0 1 0 0 2 406.5 563.5 118.5 0 8.5377e-07 0 0 0 1 0 1 0
168 1 1 0.96042 4.153 3.6086 174.55 91.348 -176.31 0.53876 0 0 1 -59.96 60.48 -60 60 0 0 1 0 0 2 405.5 572.5 119.5 0 8.5377e-07 0 0 0 1 0 1 0
169 1 1 0.77238 3.7782 3.0959 174.56 91.156 -176.56 0.53668 0 0 1 -59.96 60.48 -60 60 0 0 1 0 0 2 404.5 582.5 120.5 0 0 0 0 0 1 0 1 0
170 1 1 2.7704 -6.0861 2.091 174.44 91.177 -176.65 0.53042 0 0 1 -59.96 60.48 -60 60 0 0 1 0 0 2 402.5 592.5 121.5 0 8.5377e-07 0 0 0 1 0 1 0
171 1 1 1.8749 -0.37399 2.9272 174.22 90.809 -176.72 0.54172 0 0 1 -59.96 60.48 -60 60 0 0 1 0 0 2 401.5 601.5 121.5 0 0 0 0 0 1 0 1 0
172 1 1 1.109 4.2158 2.7856 174.05 91.614 -176.82 0.53944 0 0 1 -59.96 60.48 -60 60 0 0 1 0 0 2 400.5 611.5 122.5 0 0 0 0 0 1 0 1 0
173 1 1 1.7953 3.8879 2.3324 173.94 91.791 -176.45 0.53878 0 0 1 -59.96 60.48 -60 60 0 0 1 0 0 2 398.5 621.5 123.5 0 0 0 0 0 1 0 1 0
174 1 1 2.1775 -0.0019264 1.7026 173.79 91.755 -176.77 0.54453 0 0 1 -59.96 60.48 -60 60 0 0 1 0 0 2 397.5 630.5 124.5 0 8.5377e-07 0 0 0 1 0 1 0
175 1 1 1.7871 -0.31443 2.3077 173.75 91.426 -176.59 0.54642 0 0 1 -59.96 60.48 -60 60 0 0 1 0 0 2 396.5 640.5 124.5 0 0 0 0 0 1 0 1 0
176 1 1 0.83961 4.3319 2.2611 173.71 91.916 -176.46 0.5422 0 0 1 -59.96 60.48 -60 60 0 0 1 0 0 2 395.5 650.5 125.5 0 8.5377e-07 0 0 0 1 0 1 0
177 1 1 2.8452 -4.6191 1.2536 173.7 91.942 -176.45 0.54212 0 0 1 -59.96 60.48 -60 60 0 0 1 0 0 2 393.5 659.5 126.5 0 0 0 0 0 1 0 1 0
178 1 1 1.8047 0.18593 2.233 173.81 91.66 -176.51 0.54279 0 0 1 -59.96 60.48 -60 60 0 0 1 0 0 2 392.5 669.5 126.5 0 0 0 0 0 1 0 1 0
179 1 1 2.2065 -3.7433 1.6692 173.74 91.673 -176.95 0.53655 0 0 1 -59.96 60.48 -60 60 0 0 1 0 0 2 391.5 678.5 127.5 0 0 0 0 0 1 0 1 0
180 1 1 1.9193 -4.0012 1.2481 174.11 91.795 -176.53 0.5486 0 0 1 -59.96 60.48 -60 60 0 0 1 0 0 2 390.5 688.5 128.5 0 8.5377e-07 0 0 0 1 0 1 0
181 1 1 1.0794 0.64978 2.2852 174.43 91.828 -176.64 0.54678 0 0 1 -59.96 60.48 -60 60 0 0 1 0 0 2 389.5 698.5 128.5 0 0 0 0 0 1 0 1 0
182 1 1 1.7993 1.305 1.7494 174.44 92.135 -176.6 0.54859 0 0 1 -59.96 60.48 -60 60 0 0 1 0 0 2 387.5 707.5 129.5 0 8.5377e-07 0 0 0 1 0 1 0
183 1 1 2.3081 -3.6651 1.3163 174.61 91.936 -176.77 0.53865 0 0 1 -59.96 60.48 -60 60 0 0 1 0 0 2 386.5 717.5 130.5 0 8.5377e-07 0 0 0 1 0 1 0
184 1 1 2.0625 -3.863 1.8183 174.62 91.924 -176.85 0.55421 0 0 1 -59.96 60.48 -60 60 0 0 1 0 0 2 385.5 727.5 130.5 0 1.2074e-06 0 0 0 1 0 1 0
185 1 1 1.2867 0.72967 1.9181 174.54 91.572 -176.99 0.55244 0 0 1 -59.96 60.48 -60 60 0 0 1 0 0 2 384.5 737.5 131.5 0 0 0 0 0 1 0 1 0
186 1 1 1.2105 1.3941 2.4071 174.48 91.795 -176.62 0.55058 0 0 1 -59.96 60.48 -60 60 0 0 1 0 0 2 383.5 746.5 131.5 0 8.5377e-07 0 0 0 1 0 1 0
187 1 1 0.84489 1.2896 1.9236 174.51 91.382 -176.57 0.56303 0 0 1 -59.96 60.48 -60 60 0 0 1 0 0 2 382.5 756.5 132.5 0 1.2074e-06 0 0 0 1 0 1 0
188 1 1 1.0242 6.0079 2.7715 174.33 90.984 -176.5 0.55745 0 0 1 -59.96 60.48 -60 60 0 0 1 0 0 2 380.5 766.5 132.5 0 0+1.2074e-06i 0 0 0 1 0 1 0
189 1 1 2.0204 -2.8416 1.7794 174.29 90.94 -176.6 0.56996 0 0 1 -59.96 60.48 -60 60 0 0 1 0 0 2 379.5 775.5 133.5 0 1.2074e-06 0 0 0 1 0 1 0
190 1 1 1.7962 -3.1218 2.3093 174.46 90.856 -176.52 0.55592 0 0 1 -59.96 60.48 -60 60 0 0 1 0 0 2 378.5 785.5 133.5 0 0 0 0 0 1 0 1 0
191 1 1 1.0142 1.6821 2.2284 174.52 90.893 -177 0.55413 0 0 1 -59.96 60.48 -60 60 0 0 1 0 0 2 377.5 795.5 134.5 0 0+1.2074e-06i 0 0 0 1 0 1 0
192 1 1 0.79994 2.4214 2.6345 174.76 91.381 -176.97 0.5444 0 0 1 -59.96 60.48 -60 60 0 0 1 0 0 2 376.5 804.5 134.5 0 8.5377e-07 0 0 0 1 0 1 0
193 1 1 0.69949 2.2214 2.1086 175.01 91.281 -176.84 0.54436 0 0 1 -59.96 60.48 -60 60 0 0 1 0 0 2 375.5 814.5 135.5 0 0 0 0 0 1 0 1 0
194 1 1 1.1213 -2.727 2.58 174.99 91.467 -177.37 0.54211 0 0 1 -59.96 60.48 -60 60 0 0 1 0 0 2 374.5 824.5 135.5 0 0+1.2074e-06i 0 0 0 1 0 1 0
195 1 1 1.0185 -1.9857 1.9726 175.23 91.382 -177.35 0.55185 0 0 1 -59.96 60.48 -60 60 0 0 1 0 0 2 373.5 833.5 136.5 0 0 0 0 0 1 0 1 0
196 1 1 0.88993 -2.2057 2.5876 175.4 91.069 -177.36 0.54143 0 0 1 -59.96 60.48 -60 60 0 0 1 0 0 2 372.5 843.5 136.5 0 0 0 0 0 1 0 1 0
197 1 1 0.88634 -2.344 2.171 175.55 91.095 -177.36 0.54869 0 0 1 -59.96 60.48 -60 60 0 0 1 0 0 2 371.5 853.5 137.5 0 0 0 0 0 1 0 1 0
198 1 1 1.8149 -1.4134 2.6579 175.78 91.106 -177.33 0.546 0 0 1 -59.96 60.48 -60 60 0 0 1 0 0 2 369.5 862.5 137.5 0 0 0 0 0 1 0 1 0
199 1 1 1.9167 -1.6677 3.193 175.81 91.374 -177.07 0.55541 0 0 1 -59.96 60.48 -60 60 0 0 1 0 0 2 368.5 872.5 137.5 0 8.5377e-07 0 0 0 1 0 1 0
200 1 1 1.8712 -1.7416 2.644 175.95 91.164 -177.2 0.55645 0 0 1 -59.96 60.48 -60 60 0 0 1 0 0 2 367.5 882.5 138.5 0 0 0 0 0 1 0 1 0
201 1 1 2.0229 -1.8082 3.2473 176.04 91.151 -176.99 0.56157 0 0 1 -59.96 60.48 -60 60 0 0 1 0 0 2 366.5 892.5 138.5 0 0+1.2074e-06i 0 0 0 1 0 1 0
202 1 1 2.021 -0.98429 2.7206 175.95 91.164 -176.92 0.55915 0 0 1 -59.96 60.48 -60 60 0 0 1 0 0 2 365.5 901.5 139.5 0 0 0 0 0 1 0 1 0
203 1 1 2.1454 -1.1652 3.3068 175.96 90.9 -176.96 0.54857 0 0 1 -59.96 60.48 -60 60 0 0 1 0 0 2 364.5 911.5 139.5 0 0 0 0 0 1 0 1 0
204 1 1 2.088 -1.264 2.7426 175.79 91.177 -176.98 0.55006 0 0 1 -59.96 60.48 -60 60 0 0 1 0 0 2 363.5 921.5 140.5 0 0 0 0 0 1 0 1 0
205 1 1 2.1541 -0.36517 3.3498 175.67 90.924 -176.71 0.54224 0 0 1 -59.96 60.48 -60 60 0 0 1 0 0 2 362.5 930.5 140.5 0 0 0 0 0 1 0 1 0
206 1 1 2.1329 -0.61259 3.8068 175.47 91.341 -176.85 0.54336 0 0 1 -59.96 60.48 -60 60 0 0 1 0 0 2 361.5 940.5 140.5 0 8.5377e-07 0 0 0 1 0 1 0
207 1 1 2.1273 -0.74356 3.3576 175.15 91.565 -176.41 0.54823 0 0 1 -59.96 60.48 -60 60 0 0 1 0 0 2 360.5 950.5 141.5 0 8.5377e-07 0 0 0 1 0 1 0
208 1 1 1.901 -0.016563 3.8225 174.98 91.594 -176.44 0.54931 0 0 1 -59.96 60.48 -60 60 0 0 1 0 0 2 359.5 959.5 141.5 0 0+1.2074e-06i 0 0 0 1 0 1 0
209 1 1 1.8141 -0.29533 3.3716 174.83 91.228 -176.27 0.53983 0 0 1 -59.96 60.48 -60 60 0 0 1 0 0 2 358.5 969.5 142.5 0 0 0 0 0 1 0 1 0
210 1 1 1.2566 4.3245 4.3532 174.8 91.347 -176.36 0.54622 0 0 1 -59.96 60.48 -60 60 0 0 1 0 0 2 357.5 979.5 142.5 0 0 0 0 0 1 0 1 0
211 1 1 0.99892 4.0546 3.8243 174.66 91.148 -176.49 0.56467 0 0 1 -59.96 60.48 -60 60 0 0 1 0 0 2 356.5 989.5 143.5 0 0 0 0 0 1 0 1 0
212 1 1 1.9989 -4.7897 3.8536 174.63 91.14 -176.62 0.56132 0 0 1 -59.96 60.48 -60 60 0 0 1 0 0 2 355.5 998.5 143.5 0 0 0 0 0 1 0 1 0
213 1 1 1.2546 -0.33826 4.8707 174.71 91.556 -177.05 0.55384 0 0 1 -59.96 60.48 -60 60 0 0 1 0 0 2 354.5 1008.5 143.5 0 8.5377e-07 0 0 0 1 0 1 0
214 1 1 1.2269 -0.70188 4.4028 174.8 92.008 -176.63 0.55614 0 0 1 -59.96 60.48 -60 60 0 0 1 0 0 2 353.5 1018.5 144.5 0 8.5377e-07 0 0 0 1 0 1 0
215 1 1 0.97879 -0.0052986 5.1133 174.75 92.036 -176.87 0.56928 0 0 1 -59.96 60.48 -60 60 0 0 1 0 0 2 352.5 1027.5 144.5 0 8.5377e-07 0 0 0 1 0 1 0
216 1 1 0.74265 -0.26172 4.6603 174.8 91.903 -177.01 0.55652 0 0 1 -59.96 60.48 -60 60 0 0 1 0 0 2 351.5 1037.5 145.5 0 0 0 0 0 1 0 1 0
217 1 1 1.2505 -5.1889 5.2055 174.66 91.607 -177.01 0.54251 0 0 1 -59.96 60.48 -60 60 0 0 1 0 0 2 350.5 1047.5 145.5 0 0 0 0 0 1 0 1 0
218 1 1 0.95369 -4.3616 4.6934 174.68 91.262 -177.12 0.53536 0 0 1 -59.96 60.48 -60 60 0 0 1 0 0 2 349.5 1056.5 146.5 0 0 0 0 0 1 0 1 0
219 1 1 1.8429 -4.6799 5.3197 174.52 91.75 -176.86 0.53038 0 0 1 -59.96 60.48 -60 60 0 0 1 0 0 2 347.5 1066.5 146.5 0 0 0 0 0 1 0 1 0
220 1 1 1.1006 0.20208 5.2384 174.37 91.329 -176.46 0.54246 0 0 1 -59.96 60.48 -60 60 0 0 1 0 0 2 346.5 1076.5 147.5 0 0 0 0 0 1 0 1 0
221 1 1 0.76716 -0.073753 4.6736 174.32 91.077 -176.32 0.5447 0 0 1 -59.96 60.48 -60 60 0 0 1 0 0 2 345.5 1086.5 148.5 0 0 0 0 0 1 0 1 0
222 1 1 1.2638 -4.0036 5.1063 174.58 91.061 -176.17 0.53797 0 0 1 -59.96 60.48 -60 60 0 0 1 0 0 2 344.5 1095.5 148.5 0 0+1.2074e-06i 0 0 0 1 0 1 0
223 1 1 0.96466 -4.2336 4.6083 174.39 90.854 -175.87 0.53532 0 0 1 -59.96 60.48 -60 60 0 0 1 0 0 2 343.5 1105.5 149.5 0 8.5377e-07 0 0 0 1 0 1 0
224 1 1 0.76921 -4.4056 5.0811 174.46 90.915 -175.8 0.53111 0 0 1 -59.96 60.48 -60 60 0 0 1 0 0 2 342.5 1115.5 149.5 0 0 0 0 0 1 0 1 0
225 1 1 0.14008 1.2616 4.9381 174.64 91.414 -175.71 0.54969 0 0 1 -59.96 60.48 -60 60 0 0 1 0 0 2 341.5 1124.5 150.5 0 0 0 0 0 1 0 1 0
226 1 1 -0.010101 0.90005 4.4064 174.95 91.08 -175.67 0.54771 0 0 1 -59.96 60.48 -60 60 0 0 1 0 0 2 340.5 1134.5 151.5 0 0 0 0 0 1 0 1 0
227 1 1 -0.18482 0.70065 4.9648 175.12 91.047 -175.59 0.54902 0 0 1 -59.96 60.48 -60 60 0 0 1 0 0 2 339.5 1144.5 151.5 0 0 0 0 0 1 0 1 0
228 1 1 0.80866 1.3752 4.41 175.32 91.446 -175.4 0.53313 0 0 1 -59.96 60.48 -60 60 0 0 1 0 0 2 337.5 1153.5 152.5 0 0+1.2074e-06i 0 0 0 1 0 1 0
229 1 1 0.71048 1.2458 4.022 175.37 91.337 -175.62 0.5392 0 0 1 -59.96 60.48 -60 60 0 0 1 0 0 2 336.5 1163.5 153.5 0 0+1.2074e-06i 0 0 0 1 0 1 0
230 1 1 1.2714 -3.7283 3.3998 175.48 91.522 -175.64 0.53242 0 0 1 -59.96 60.48 -60 60 0 0 1 0 0 2 335.5 1173.5 154.5 0 8.5377e-07 0 0 0 1 0 1 0
231 1 1 1.2205 -2.9092 4.033 175.56 90.948 -175.97 0.54408 0 0 1 -59.96 60.48 -60 60 0 0 1 0 0 2 334.5 1182.5 154.5 0 0 0 0 0 1 0 1 0
232 1 1 1.1801 -3.2501 3.6256 175.49 91.325 -176.23 0.54115 0 0 1 -59.96 60.48 -60 60 0 0 1 0 0 2 333.5 1192.5 155.5 0 0 0 0 0 1 0 1 0
233 1 1 1.2412 -3.6459 3.1967 175.47 91.631 -176.34 0.5414 0 0 1 -59.96 60.48 -60 60 0 0 1 0 0 2 332.5 1202.5 156.5 0 0 0 0 0 1 0 1 0
234 1 1 1.1661 -2.8394 2.6812 175.46 91.57 -176.2 0.54944 0 0 1 -59.96 60.48 -60 60 0 0 1 0 0 2 331.5 1211.5 157.5 0 0+1.2074e-06i 0 0 0 1 0 1 0
235 1 1 2.1682 -3.2946 3.3569 175.52 91.628 -176.35 0.5495 0 0 1 -59.96 60.48 -60 60 0 0 1 0 0 2 329.5 1221.5 157.5 0 0 0 0 0 1 0 1 0
236 1 1 2.1579 -3.589 2.93 175.35 91.901 -176.4 0.54888 0 0 1 -59.96 60.48 -60 60 0 0 1 0 0 2 328.5 1231.5 158.5 0 8.5377e-07 0 0 0 1 0 1 0
237 1 1 2.0192 -2.7614 2.6132 175.17 91.864 -176.36 0.55167 0 0 1 -59.96 60.48 -60 60 0 0 1 0 0 2 327.5 1240.5 159.5 0 0 0 0 0 1 0 1 0
238 1 1 1.9192 -3.0895 2.2813 175.03 91.814 -176.37 0.55215 0 0 1 -59.96 60.48 -60 60 0 0 1 0 0 2 326.5 1250.5 160.5 0 8.5377e-07 0 0 0 1 0 1 0
239 1 1 1.783 -3.2832 1.8588 175.03 92.067 -176.22 0.55026 0 0 1 -59.96 60.48 -60 60 0 0 1 0 0 2 325.5 1260.5 161.5 0 8.5377e-07 0 0 0 1 0 1 0
240 1 1 1.1847 2.3855 2.9282 174.62 92.427 -175.93 0.53986 0 0 1 -59.96 60.48 -60 60 0 0 1 0 0 2 324.5 1269.5 161.5 0 8.5377e-07 0 0 0 1 0 1 0
241 1 1 1.9001 2.2586 2.6633 174.52 92.45 -175.82 0.54125 0 0 1 -59.96 60.48 -60 60 0 0 1 0 0 2 322.5 1279.5 162.5 0 0 0 0 0 1 0 1 0
242 1 1 1.7236 1.8457 2.3347 174.5 92.706 -175.65 0.54013 0 0 1 -59.96 60.48 -60 60 0 0 1 0 0 2 321.5 1289.5 163.5 0 0 0 0 0 1 0 1 0
243 1 1 2.1536 -1.9632 1.7575 174.47 92.493 -175.96 0.54833 0 0 1 -59.96 60.48 -60 60 0 0 1 0 0 2 320.5 1298.5 164.5 0 0 0 0 0 1 0 1 0
244 1 1 1.8352 -2.2922 1.605 174.38 92.608 -175.83 0.53744 0 0 1 -59.96 60.48 -60 60 0 0 1 0 0 2 319.5 1308.5 165.5 0 1.2074e-06 0 0 0 1 0 1 0
245 1 1 1.1576 2.3582 1.6979 174.24 92.534 -175.98 0.546 0 0 1 -59.96 60.48 -60 60 0 0 1 0 0 2 318.5 1318.5 166.5 0 0 0 0 0 1 0 1 0
246 1 1 0.83801 2.9855 1.3646 174.41 92.158 -175.92 0.54197 0 0 1 -59.96 60.48 -60 60 0 0 1 0 0 2 317.5 1327.5 167.5 0 0+1.2074e-06i 0 0 0 1 0 1 0
247 1 1 2.2598 -1.8365 0.87324 174.2 92.132 -176.35 0.5388 0 0 1 -59.96 60.48 -60 60 0 0 1 0 0 2 315.5 1337.5 168.5 0 0 0 0 0 1 0 1 0
248 1 1 2.0202 -1.2859 0.41446 174 91.759 -176.08 0.533 0 0 1 -59.96 60.48 -60 60 0 0 1 0 0 2 314.5 1346.5 169.5 0 0 0 0 0 1 0 1 0
249 1 1 0.97729 3.3229 0.60287 173.7 92.312 -176.51 0.52542 0 0 1 -59.96 60.48 -60 60 0 0 1 0 0 2 313.5 1356.5 170.5 0 8.5377e-07 0 0 0 1 0 1 0
250 1 1 0.68853 2.8721 1.1594 173.42 92.353 -176.41 0.51717 0 0 1 -59.96 60.48 -60 60 0 0 1 0 0 2 312.5 1366.5 170.5 0 8.5377e-07 0 0 0 1 0 1 0
251 1 1 3.9175 3.2792 2.6708 -140.78 97.252 -27.555 0.47556 0 0 1 -51 60.31 -60 60 0 0 2 0 0 1 112.5 271.5 84.5 0 0 0 0 0 1 0 1 0
252 1 1 -2.0699 -3.7178 1.6662 -140.81 97.38 -27.629 0.47623 0 0 1 -51 60.31 -60 60 0 0 2 0 0 1 118.5 278.5 85.5 0 0 0 0 0 1 0 1 0
253 1 1 -1.1579 -4.1908 1.6484 -140.68 97.842 -28.576 0.48118 0 0 1 -51 60.31 -60 60 0 0 2 0 0 1 124.5 286.5 86.5 0 0 0 0 0 1 0 1 0
254 1 1 1.7912 -0.045189 2.175 -140.67 97.048 -30.098 0.48199 0 0 1 -51 60.31 -60 60 0 0 2 0 0 1 131.5 293.5 87.5 0 0 0 0 0 1 0 1 0
255 1 1 -4.2004 -8.0009 2.1671 -140.61 96.915 -30.286 0.47697 0 0 1 -51 60.31 -60 60 0 0 2 0 0 1 137.5 301.5 87.5 0 0 0 0 0 1 0 1 0
256 1 1 -0.29658 -3.8459 2.5963 -140.57 96.612 -30.99 0.47378 0 0 1 -51 60.31 -60 60 0 0 2 0 0 1 143.5 308.5 88.5 0 8.5377e-07 0 0 0 1 0 1 0
257 1 1 2.7876 0.17179 2.7513 -140.39 96.303 -32.444 0.45936 0 0 1 -51 60.31 -60 60 0 0 2 0 0 1 150.5 315.5 89.5 0 1.2074e-06 0 0 0 1 0 1 0
258 1 1 -3.2053 -7.7955 1.7308 -140.38 96.346 -32.418 0.45336 0 0 1 -51 60.31 -60 60 0 0 2 0 0 1 156.5 323.5 90.5 0 0 0 0 0 1 0 1 0
259 1 1 0.904 -3.7967 3.1224 -140.23 96.326 -33.602 0.431 0 0 1 -51 60.31 -60 60 0 0 2 0 0 1 162.5 330.5 90.5 0 1.2074e-06 0 0 0 1 0 1 0
260 1 1 -2.6786 -8.2478 2.7737 -140.34 96.328 -33.085 0.41272 0 0 1 -51 60.31 -60 60 0 0 2 0 0 1 169.5 338.5 91.5 0 0 0 0 0 1 0 1 0
261 1 1 -1.954 -7.7697 2.3828 -140.11 96.071 -34.985 0.39551 0 0 1 -51 60.31 -60 60 0 0 2 0 0 1 175.5 345.5 92.5 0 8.5377e-07 0 0 0 1 0 1 0
262 1 1 -0.95689 -7.3463 2.3395 -140.25 96.478 -35.781 0.36186 0 0 1 -51 60.31 -60 60 0 0 2 0 0 1 181.5 352.5 93.5 0 0 0 0 0 1 0 1 0
263 1 1 0.6633 -4.7698 2.7847 -139.67 97.588 -7.3836 0.37561 0 0 1 -51 60.31 -60 60 0 0 2 0 0 1 188.5 360.5 94.5 0 0+1.2074e-06i 0 0 0 1 0 1 0
264 1 1 -0.86675 -7.7505 3.1762 -140.47 95.77 -36.641 0.31864 0 0 1 -51 60.31 -60 60 0 0 2 0 0 1 194.5 367.5 94.5 0 0 0 0 0 1 0 1 0
265 1 1 -0.93776 -7.3129 3.014 -140.42 96.118 -37.136 0.29974 0 0 1 -51 60.31 -60 60 0 0 2 0 0 1 201.5 374.5 95.5 0 0 0 0 0 1 0 1 0
266 1 1 4.939 -1.0998 4.0884 -140.31 97.193 -9.3622 0.3083 0 0 1 -51 60.31 -60 60 0 0 2 0 0 1 207.5 382.5 96.5 0 0 0 0 0 1 0 1 0
267 1 1 2.2735 -4.3483 3.7103 -140.28 96.672 -9.035 0.29936 0 0 1 -51 60.31 -60 60 0 0 2 0 0 1 213.5 389.5 97.5 0 0 0 0 0 1 0 1 0
268 1 1 5.1642 -0.21335 4.8071 -140.73 96.785 -10.266 0.31402 0 0 1 -51 60.31 -60 60 0 0 2 0 0 1 220.5 396.5 97.5 0 0 0 0 0 1 0 1 0
269 1 1 8.8442 3.1689 5.1019 -141.07 96.473 -11.071 0.32897 0 0 1 -51 60.31 -60 60 0 0 2 0 0 1 226.5 404.5 98.5 0 0 0 0 0 1 0 1 0
270 1 1 5.2578 -0.20725 4.6375 -140.91 95.846 -11.081 0.34538 0 0 1 -51 60.31 -60 60 0 0 2 0 0 1 233.5 411.5 99.5 0 0 0 0 0 1 0 1 0
271 1 1 8.8617 4.2351 4.5885 -141.08 95.232 -11.748 0.39194 0 0 1 -51 60.31 -60 60 0 0 2 0 0 1 239.5 418.5 100.5 0 0 0 0 0 1 0 1 0
272 1 1 5.3155 0.75347 3.9915 -140.76 94.682 -11.451 0.41402 0 0 1 -51 60.31 -60 60 0 0 2 0 0 1 246.5 425.5 101.5 0 1.2074e-06 0 0 0 1 0 1 0
273 1 1 9.0495 4.1728 4.6339 -140.74 94.666 -11.973 0.44845 0 0 1 -51 60.31 -60 60 0 0 2 0 0 1 252.5 433.5 101.5 0 0 0 0 0 1 0 1 0
274 1 1 2.0805 -2.8201 3.6288 -140.74 94.527 -11.999 0.46187 0 0 1 -51 60.31 -60 60 0 0 2 0 0 1 259.5 440.5 102.5 0 0 0 0 0 1 0 1 0
275 1 1 5.8969 1.3357 3.3384 -140.56 94.801 -12.354 0.48763 0 0 1 -51 60.31 -60 60 0 0 2 0 0 1 265.5 447.5 103.5 0 0+1.2074e-06i 0 0 0 1 0 1 0
276 1 1 5.7175 2.0434 2.8839 -140.54 95.044 -13.073 0.50997 0 0 1 -51 60.31 -60 60 0 0 2 0 0 1 272.5 454.5 104.5 0 0 0 0 0 1 0 1 0
277 1 1 6.0766 1.2993 3.6344 -140.66 94.981 -12.897 0.51592 0 0 1 -51 60.31 -60 60 0 0 2 0 0 1 278.5 462.5 104.5 0 8.5377e-07 0 0 0 1 0 1 0
278 1 1 5.9781 1.7914 3.2457 -140.61 95.124 -13.882 0.53136 0 0 1 -51 60.31 -60 60 0 0 2 0 0 1 285.5 469.5 105.5 0 0 0 0 0 1 0 1 0
279 1 1 0.0083008 -5.1938 2.255 -140.6 95.038 -13.876 0.5331 0 0 1 -51 60.31 -60 60 0 0 2 0 0 1 291.5 476.5 106.5 0 1.2074e-06 0 0 0 1 0 1 0
280 1 1 2.7796 -0.85147 2.0102 -140.67 95.375 -15.102 0.53981 0 0 1 -51 60.31 -60 60 0 0 2 0 0 1 298.5 483.5 107.5 0 0 0 0 0 1 0 1 0
281 1 1 -3.2175 -7.8342 1.0338 -140.63 95.191 -15.136 0.53325 0 0 1 -51 60.31 -60 60 0 0 2 0 0 1 304.5 490.5 108.5 0 8.5377e-07 0 0 0 1 0 1 0
282 1 1 3.2435 -1.1964 2.3738 -140.71 95.285 -16.21 0.52668 0 0 1 -51 60.31 -60 60 0 0 2 0 0 1 311.5 498.5 108.5 0 0+1.2074e-06i 0 0 0 1 0 1 0
283 1 1 7.1236 3.0971 2.2889 -140.47 95.582 -17.595 0.52942 0 0 1 -51 60.31 -60 60 0 0 2 0 0 1 317.5 505.5 109.5 0 0+1.2074e-06i 0 0 0 1 0 1 0
284 1 1 0.1394 -3.8806 1.2845 -140.45 95.654 -17.513 0.53439 0 0 1 -51 60.31 -60 60 0 0 2 0 0 1 324.5 512.5 110.5 0 1.2074e-06 0 0 0 1 0 1 0
285 1 1 3.0807 0.28503 1.2765 -140.49 96.117 -18.266 0.52784 0 0 1 -51 60.31 -60 60 0 0 2 0 0 1 331.5 519.5 111.5 0 1.2074e-06 0 0 0 1 0 1 0
286 1 1 3.869 0.79987 0.93011 -140.42 96.248 -18.71 0.53525 0 0 1 -51 60.31 -60 60 0 0 2 0 0 1 337.5 526.5 112.5 0 0 0 0 0 1 0 1 0
287 1 1 -3.1286 -6.1826 0.94971 -140.39 96.231 -18.708 0.53265 0 0 1 -51 60.31 -60 60 0 0 2 0 0 1 344.5 533.5 112.5 0 8.5377e-07 0 0 0 1 0 1 0
288 1 1 -0.10514 -2.0561 1.1003 -140.36 96.142 -19.696 0.52985 0 0 1 -51 60.31 -60 60 0 0 2 0 0 1 351.5 540.5 113.5 0 0 0 0 0 1 0 1 0
289 1 1 3.8987 2.0691 1.3344 -140.26 96.551 -20.396 0.52491 0 0 1 -51 60.31 -60 60 0 0 2 0 0 1 357.5 547.5 114.5 0 0 0 0 0 1 0 1 0
290 1 1 -3.1001 -4.9188 0.32992 -140.27 96.466 -20.45 0.52403 0 0 1 -51 60.31 -60 60 0 0 2 0 0 1 364.5 554.5 115.5 0 0 0 0 0 1 0 1 0
291 1 1 -0.13867 -0.77753 1.6197 -140.08 96.823 -21.237 0.51672 0 0 1 -51 60.31 -60 60 0 0 2 0 0 1 371.5 561.5 115.5 0 0 0 0 0 1 0 1 0
292 1 1 3.0445 2.1602 1.8817 -139.78 96.496 -22.032 0.5132 0 0 1 -51 60.31 -60 60 0 0 2 0 0 1 378.5 569.5 116.5 0 0 0 0 0 1 0 1 0
293 1 1 -2.9524 -4.8279 0.88287 -139.79 96.462 -22.009 0.51213 0 0 1 -51 60.31 -60 60 0 0 2 0 0 1 384.5 576.5 117.5 0 0 0 0 0 1 0 1 0
294 1 1 0.19255 -0.93428 1.2968 -139.73 96.062 -22.947 0.51321 0 0 1 -51 60.31 -60 60 0 0 2 0 0 1 391.5 583.5 118.5 0 0 0 0 0 1 0 1 0
295 1 1 3.1826 3.1579 1.6556 -140 96.165 -23.168 0.50872 0 0 1 -51 60.31 -60 60 0 0 2 0 0 1 398.5 590.5 119.5 0 0 0 0 0 1 0 1 0
296 1 1 0.69547 0.064613 1.899 -139.97 96.243 -24.2 0.51179 0 0 1 -51 60.31 -60 60 0 0 2 0 0 1 404.5 597.5 119.5 0 0 0 0 0 1 0 1 0
297 1 1 3.8048 3.9971 2.3612 -140.11 96.31 -24.731 0.51039 0 0 1 -51 60.31 -60 60 0 0 2 0 0 1 411.5 604.5 120.5 0 0 0 0 0 1 0 1 0
298 1 1 -3.2002 -2.9783 1.3626 -140.17 96.275 -24.755 0.51072 0 0 1 -51 60.31 -60 60 0 0 2 0 0 1 418.5 611.5 121.5 0 0 0 0 0 1 0 1 0
299 1 1 0.84095 1.1794 1.6678 -140.05 96.302 -25.138 0.51226 0 0 1 -51 60.31 -60 60 0 0 2 0 0 1 424.5 618.5 122.5 0 0 0 0 0 1 0 1 0
300 1 1 -6.147 -5.8024 1.6848 -140.1 96.347 -25.133 0.51027 0 0 1 -51 60.31 -60 60 0 0 2 0 0 1 431.5 625.5 122.5 0 0 0 0 0 1 0 1 0
301 1 1 -1.9779 -2.8271 2.1763 -139.91 96.284 -25.964 0.51145 0 0 1 -51 60.31 -60 60 0 0 2 0 0 1 437.5 633.5 123.5 0 0 0 0 0 1 0 1 0
302 1 1 1.1212 1.2503 2.6123 -140.03 96.418 -26.3 0.50531 0 0 1 -51 60.31 -60 60 0 0 2 0 0 1 444.5 640.5 124.5 0 0 0 0 0 1 0 1 0
303 1 1 -2.3188 -1.8719 2.8395 -140.05 96.896 -28.17 0.5074 0 0 1 -51 60.31 -60 60 0 0 2 0 0 1 451.5 647.5 124.5 0 0 0 0 0 1 0 1 0
304 1 1 1.7684 2.1143 3.3279 -140.05 96.531 -28.811 0.51226 0 0 1 -51 60.31 -60 60 0 0 2 0 0 1 457.5 654.5 125.5 0 0+1.2074e-06i 0 0 0 1 0 1 0
305 1 1 -5.2254 -4.8794 2.327 -140.08 96.541 -28.922 0.51139 0 0 1 -51 60.31 -60 60 0 0 2 0 0 1 464.5 661.5 126.5 0 0 0 0 0 1 0 1 0
306 1 1 -2.2201 -0.79416 3.6432 -140.22 96.383 -29.414 0.5011 0 0 1 -51 60.31 -60 60 0 0 2 0 0 1 471.5 668.5 126.5 0 0 0 0 0 1 0 1 0
307 1 1 1.8605 3.2435 4.1113 -140.1 95.918 -30.058 0.498 0 0 1 -51 60.31 -60 60 0 0 2 0 0 1 477.5 675.5 127.5 0 0+1.2074e-06i 0 0 0 1 0 1 0
308 1 1 -5.1404 -3.7503 4.1165 -140.13 95.935 -30.061 0.49812 0 0 1 -51 60.31 -60 60 0 0 2 0 0 1 484.5 682.5 127.5 0 0 0 0 0 1 0 1 0
309 1 1 -2.0709 0.299 4.3867 -140.29 96.053 -30.991 0.48662 0 0 1 -51 60.31 -60 60 0 0 2 0 0 1 491.5 689.5 128.5 0 0 0 0 0 1 0 1 0
310 1 1 -1.1335 -0.21164 5.2686 -140.4 96.165 -31.3 0.48833 0 0 1 -51 60.31 -60 60 0 0 2 0 0 1 497.5 697.5 128.5 0 0 0 0 0 1 0 1 0
311 1 1 1.9672 3.9096 5.3957 -140.47 96.107 -32.16 0.48778 0 0 1 -51 60.31 -60 60 0 0 2 0 0 1 504.5 704.5 129.5 0 0 0 0 0 1 0 1 0
312 1 1 -5.0305 -3.0673 4.3954 -140.47 96.103 -32.148 0.48848 0 0 1 -51 60.31 -60 60 0 0 2 0 0 1 511.5 711.5 130.5 0 1.2074e-06 0 0 0 1 0 1 0
313 1 1 -1.1127 1.2033 5.6925 -140.48 96.022 -32.345 0.49866 0 0 1 -51 60.31 -60 60 0 0 2 0 0 1 517.5 718.5 130.5 0 0 0 0 0 1 0 1 0
314 1 1 1.9863 5.3134 6.0117 -140.47 95.743 -33.191 0.49935 0 0 1 -51 60.31 -60 60 0 0 2 0 0 1 524.5 725.5 131.5 0 0 0 0 0 1 0 1 0
315 1 1 2.9312 5.7967 6.7444 -140.36 96.45 -33.65 0.51177 0 0 1 -51 60.31 -60 60 0 0 2 0 0 1 530.5 732.5 131.5 0 1.2074e-06 0 0 0 1 0 1 0
316 1 1 -4.0782 -1.1841 5.728 -140.43 96.325 -33.796 0.51429 0 0 1 -51 60.31 -60 60 0 0 2 0 0 1 537.5 739.5 132.5 0 0 0 0 0 1 0 1 0
317 1 1 -1.0004 2.0314 6.1663 -140.54 96.318 -34.756 0.51052 0 0 1 -51 60.31 -60 60 0 0 2 0 0 1 544.5 747.5 133.5 0 0 0 0 0 1 0 1 0
318 1 1 -6.9828 -4.9613 6.1779 -140.65 96.464 -34.718 0.50954 0 0 1 -51 60.31 -60 60 0 0 2 0 0 1 550.5 754.5 133.5 0 1.2074e-06 0 0 0 1 0 1 0
319 1 1 -4.0092 -0.7567 6.3585 -140.7 95.811 -36.041 0.50841 0 0 1 -51 60.31 -60 60 0 0 2 0 0 1 557.5 761.5 134.5 0 8.5377e-07 0 0 0 1 0 1 0
320 1 1 -3.1352 -0.23251 6.2954 -140.79 96.073 -36.582 0.50741 0 0 1 -51 60.31 -60 60 0 0 2 0 0 1 563.5 768.5 135.5 0 0 0 0 0 1 0 1 0
321 1 1 -0.17831 3.0253 7.3832 -140.9 95.833 -37.56 0.502 0 0 1 -51 60.31 -60 60 0 0 2 0 0 1 570.5 776.5 135.5 0 1.2074e-06 0 0 0 1 0 1 0
322 1 1 -6.1678 -3.9695 6.3827 -140.87 95.819 -37.588 0.50163 0 0 1 -51 60.31 -60 60 0 0 2 0 0 1 576.5 783.5 136.5 0 0+1.2074e-06i 0 0 0 1 0 1 0
323 1 1 -2.2527 0.29861 6.6765 -140.84 96.28 -38.311 0.49264 0 0 1 -51 60.31 -60 60 0 0 2 0 0 1 582.5 790.5 137.5 0 8.5377e-07 0 0 0 1 0 1 0
324 1 1 -5.7336 -4.1761 6.3355 -140.95 96.135 -37.872 0.48864 0 0 1 -51 60.31 -60 60 0 0 2 0 0 1 589.5 798.5 138.5 0 8.5377e-07 0 0 0 1 0 1 0
325 1 1 -1.9469 0.2416 6.6344 -141.2 96.107 -38.416 0.48928 0 0 1 -51 60.31 -60 60 0 0 2 0 0 1 595.5 805.5 139.5 0 0 0 0 0 1 0 1 0
326 1 1 -0.97438 0.779 6.409 -141.29 96.055 -39.896 0.48665 0 0 1 -51 60.31 -60 60 0 0 2 0 0 1 601.5 812.5 140.5 0 0 0 0 0 1 0 1 0
327 1 1 -5.814 -4.1902 6.3639 -140.8 97.104 -10.041 0.53406 0 0 1 -51 60.31 -60 60 0 0 2 0 0 1 608.5 820.5 141.5 0 0 0 0 0 1 0 1 0
328 1 1 -2.2019 0.31742 6.6025 -140.94 97.13 -10.495 0.51903 0 0 1 -51 60.31 -60 60 0 0 2 0 0 1 614.5 827.5 142.5 0 0 0 0 0 1 0 1 0
329 1 1 -1.1722 -0.11046 6.3884 -140.94 97.127 -11.856 0.52005 0 0 1 -51 60.31 -60 60 0 0 2 0 0 1 620.5 835.5 143.5 0 0 0 0 0 1 0 1 0
330 1 1 -3.7482 -3.3623 5.2504 -140.91 96.716 -11.648 0.51663 0 0 1 -51 60.31 -60 60 0 0 2 0 0 1 626.5 842.5 145.5 0 0 0 0 0 1 0 1 0
331 1 1 -3.2922 -2.9635 4.8495 -137.28 91.861 -141.49 0.59137 0 0 1 -51 60.31 -60 60 0 0 2 0 0 2 709.5 858.5 147.5 0 0 0 0 0 1 0 1 0
332 1 1 0.17093 -0.098206 4.5928 -137.3 92.199 -141.45 0.59551 0 0 1 -51 60.31 -60 60 0 0 2 0 0 2 702.5 851.5 147.5 0 1.2074e-06 0 0 0 1 0 1 0
333 1 1 -3.1509 -3.9965 4.2605 -137.08 92.284 -141.38 0.60597 0 0 1 -51 60.31 -60 60 0 0 2 0 0 2 695.5 844.5 146.5 0 0+1.2074e-06i 0 0 0 1 0 1 0
334 1 1 2.8475 2.9946 4.2617 -137.06 92.287 -141.43 0.60613 0 0 1 -51 60.31 -60 60 0 0 2 0 0 2 689.5 837.5 146.5 0 0+1.2074e-06i 0 0 0 1 0 1 0
335 1 1 -4.0212 -4.851 3.4075 -136.94 92.747 -141.47 0.59517 0 0 1 -51 60.31 -60 60 0 0 2 0 0 2 682.5 830.5 145.5 0 0 0 0 0 1 0 1 0
336 1 1 2.9773 2.1457 4.4064 -136.93 92.72 -141.41 0.59563 0 0 1 -51 60.31 -60 60 0 0 2 0 0 2 675.5 823.5 144.5 0 0 0 0 0 1 0 1 0
337 1 1 -1.3165 -1.7435 3.2915 -137.17 92.105 -141.58 0.58907 0 0 1 -51 60.31 -60 60 0 0 2 0 0 2 669.5 816.5 144.5 0 8.5377e-07 0 0 0 1 0 1 0
338 1 1 2.1294 1.1862 3.7508 -137.12 92.047 -141.6 0.58648 0 0 1 -51 60.31 -60 60 0 0 2 0 0 2 662.5 809.5 143.5 0 0 0 0 0 1 0 1 0
339 1 1 -1.1507 -2.7947 2.6411 -137.32 91.822 -142.17 0.58887 0 0 1 -51 60.31 -60 60 0 0 2 0 0 2 655.5 802.5 143.5 0 0 0 0 0 1 0 1 0
340 1 1 -1.7374 -3.3345 2.7266 -137.34 92.183 -142.19 0.58298 0 0 1 -51 60.31 -60 60 0 0 2 0 0 2 649.5 795.5 142.5 0 0 0 0 0 1 0 1 0
341 1 1 -2.0126 -3.7234 2.0177 -137.2 92.246 -142.24 0.58474 0 0 1 -51 60.31 -60 60 0 0 2 0 0 2 642.5 788.5 142.5 0 0 0 0 0 1 0 1 0
342 1 1 -1.6589 -3.2799 2.2049 -136.93 92.219 -142.03 0.58298 0 0 1 -51 60.31 -60 60 0 0 2 0 0 2 635.5 780.5 141.5 0 0+1.2074e-06i 0 0 0 1 0 1 0
343 1 1 1.6995 0.34337 2.728 -136.84 92.62 -142.09 0.58327 0 0 1 -51 60.31 -60 60 0 0 2 0 0 2 628.5 773.5 140.5 0 1.2074e-06 0 0 0 1 0 1 0
344 1 1 1.0943 -0.13826 1.8792 -136.73 92.531 -142.22 0.59881 0 0 1 -51 60.31 -60 60 0 0 2 0 0 2 622.5 766.5 140.5 0 0 0 0 0 1 0 1 0
345 1 1 -2.306 -3.8042 1.6865 -136.69 91.749 -142.43 0.59133 0 0 1 -51 60.31 -60 60 0 0 2 0 0 2 615.5 759.5 139.5 0 1.2074e-06 0 0 0 1 0 1 0
346 1 1 -2.039 -4.2539 1.8402 -136.65 91.929 -142.72 0.5925 0 0 1 -51 60.31 -60 60 0 0 2 0 0 2 608.5 752.5 138.5 0 0 0 0 0 1 0 1 0
347 1 1 3.9623 2.7407 1.8397 -136.64 91.871 -142.68 0.59222 0 0 1 -51 60.31 -60 60 0 0 2 0 0 2 602.5 745.5 138.5 0 8.5377e-07 0 0 0 1 0 1 0
348 1 1 -3.0594 -4.959 1.3459 -136.57 92.186 -142.84 0.59518 0 0 1 -51 60.31 -60 60 0 0 2 0 0 2 595.5 738.5 137.5 0 8.5377e-07 0 0 0 1 0 1 0
349 1 1 3.9428 2.035 2.3483 -136.56 92.17 -142.82 0.59537 0 0 1 -51 60.31 -60 60 0 0 2 0 0 2 588.5 731.5 136.5 0 0 0 0 0 1 0 1 0
350 1 1 3.2926 1.6336 2.608 -136.69 92.206 -143.5 0.58389 0 0 1 -51 60.31 -60 60 0 0 2 0 0 2 582.5 724.5 135.5 0 0 0 0 0 1 0 1 0
351 1 1 3.0302 1.2235 1.8199 -136.82 92.066 -143.29 0.58479 0 0 1 -51 60.31 -60 60 0 0 2 0 0 2 575.5 717.5 135.5 0 0 0 0 0 1 0 1 0
352 1 1 3.3418 0.72564 2.0654 -136.93 92.513 -143.57 0.57503 0 0 1 -51 60.31 -60 60 0 0 2 0 0 2 568.5 710.5 134.5 0 0 0 0 0 1 0 1 0
353 1 1 -0.93104 -2.1331 1.7729 -137.05 92.132 -143.88 0.58737 0 0 1 -51 60.31 -60 60 0 0 2 0 0 2 562.5 702.5 133.5 0 0 0 0 0 1 0 1 0
354 1 1 -4.2171 -5.9856 1.6178 -137.05 92.435 -143.82 0.57929 0 0 1 -51 60.31 -60 60 0 0 2 0 0 2 555.5 695.5 132.5 0 1.2074e-06 0 0 0 1 0 1 0
355 1 1 -0.73819 -3.0604 2.2014 -137.02 92.821 -143.7 0.58778 0 0 1 -51 60.31 -60 60 0 0 2 0 0 2 548.5 688.5 131.5 0 0 0 0 0 1 0 1 0
356 1 1 -4.9217 -6.8928 1.7748 -137.02 92.969 -143.65 0.59498 0 0 1 -51 60.31 -60 60 0 0 2 0 0 2 542.5 681.5 130.5 0 0 0 0 0 1 0 1 0
357 1 1 2.0521 0.10543 2.7615 -136.97 92.902 -143.62 0.60072 0 0 1 -51 60.31 -60 60 0 0 2 0 0 2 535.5 674.5 129.5 0 1.2074e-06 0 0 0 1 0 1 0
358 1 1 -1.2667 -3.7457 2.362 -137.14 92.703 -143.75 0.59657 0 0 1 -51 60.31 -60 60 0 0 2 0 0 2 528.5 667.5 128.5 0 0 0 0 0 1 0 1 0
359 1 1 -1.8148 -4.2871 2.3626 -137.07 92.8 -143.86 0.6 0 0 1 -51 60.31 -60 60 0 0 2 0 0 2 522.5 660.5 127.5 0 0+1.2074e-06i 0 0 0 1 0 1 0
360 1 1 -4.9873 -8.2534 2.0782 -137.23 92.636 -143.95 0.60651 0 0 1 -51 60.31 -60 60 0 0 2 0 0 2 515.5 653.5 126.5 0 0 0 0 0 1 0 1 0
361 1 1 1.9725 -1.2529 3.0303 -137.19 92.656 -143.94 0.61211 0 0 1 -51 60.31 -60 60 0 0 2 0 0 2 508.5 646.5 125.5 0 0 0 0 0 1 0 1 0
362 1 1 0.73355 -1.6603 3.2231 -137.07 92.658 -143.93 0.60296 0 0 1 -51 60.31 -60 60 0 0 2 0 0 2 502.5 639.5 124.5 0 8.5377e-07 0 0 0 1 0 1 0
363 1 1 1.2154 -2.1918 3.2322 -137.03 92.286 -144.2 0.60115 0 0 1 -51 60.31 -60 60 0 0 2 0 0 2 495.5 632.5 123.5 0 0 0 0 0 1 0 1 0
364 1 1 -2.0664 -6.0512 2.8062 -137.11 92.632 -144.41 0.60123 0 0 1 -51 60.31 -60 60 0 0 2 0 0 2 488.5 625.5 122.5 0 1.2074e-06 0 0 0 1 0 1 0
365 1 1 3.9188 0.94775 3.7969 -137.1 92.771 -144.55 0.60309 0 0 1 -51 60.31 -60 60 0 0 2 0 0 2 482.5 618.5 121.5 0 1.2074e-06 0 0 0 1 0 1 0
366 1 1 0.71515 -2.8573 3.3912 -136.93 92.672 -144.49 0.60419 0 0 1 -51 60.31 -60 60 0 0 2 0 0 2 475.5 611.5 120.5 0 0 0 0 0 1 0 1 0
367 1 1 3.2161 1.0393 4.0365 -136.94 92.803 -144.39 0.60686 0 0 1 -51 60.31 -60 60 0 0 2 0 0 2 469.5 603.5 119.5 0 0 0 0 0 1 0 1 0
368 1 1 -0.12674 -2.7511 3.6822 -137.08 92.6 -144.71 0.60587 0 0 1 -51 60.31 -60 60 0 0 2 0 0 2 462.5 596.5 118.5 0 0+1.2074e-06i 0 0 0 1 0 1 0
369 1 1 0.33064 -3.2809 3.705 -137.01 92.678 -144.82 0.60151 0 0 1 -51 60.31 -60 60 0 0 2 0 0 2 455.5 589.5 117.5 0 0 0 0 0 1 0 1 0
370 1 1 6.3294 3.7143 4.7063 -137.02 92.694 -144.81 0.60067 0 0 1 -51 60.31 -60 60 0 0 2 0 0 2 449.5 582.5 116.5 0 0 0 0 0 1 0 1 0
371 1 1 3.2138 -0.20898 4.335 -137.04 92.729 -144.68 0.59501 0 0 1 -51 60.31 -60 60 0 0 2 0 0 2 442.5 575.5 115.5 0 0 0 0 0 1 0 1 0
372 1 1 -0.97777 -4.1394 2.8168 -137.28 92.827 -144.78 0.5987 0 0 1 -51 60.31 -60 60 0 0 2 0 0 2 436.5 568.5 115.5 0 0+1.2074e-06i 0 0 0 1 0 1 0
373 1 1 -1.1725 -3.623 3.1127 -137.31 92.282 -144.66 0.57656 0 0 1 -51 60.31 -60 60 0 0 2 0 0 2 429.5 560.5 114.5 0 1.2074e-06 0 0 0 1 0 1 0
374 1 1 -1.6855 -4.1167 3.1607 -137.3 92.122 -144.84 0.57914 0 0 1 -51 60.31 -60 60 0 0 2 0 0 2 423.5 553.5 113.5 0 1.2074e-06 0 0 0 1 0 1 0
375 1 1 -4.7353 -8.0706 1.9101 -137.27 91.516 -145.28 0.5798 0 0 1 -51 60.31 -60 60 0 0 2 0 0 2 416.5 546.5 113.5 0 8.5377e-07 0 0 0 1 0 1 0
376 1 1 1.2535 -1.0753 2.882 -137.32 91.582 -145.25 0.58574 0 0 1 -51 60.31 -60 60 0 0 2 0 0 2 410.5 539.5 112.5 0 0 0 0 0 1 0 1 0
377 1 1 -1.8744 -4.0495 2.7481 -137.25 91.539 -145.33 0.60138 0 0 1 -51 60.31 -60 60 0 0 2 0 0 2 403.5 531.5 111.5 0 0+1.2074e-06i 0 0 0 1 0 1 0
378 1 1 4.125 2.9513 2.7449 -137.23 91.618 -145.34 0.60146 0 0 1 -51 60.31 -60 60 0 0 2 0 0 2 397.5 524.5 111.5 0 0+1.2074e-06i 0 0 0 1 0 1 0
379 1 1 0.93295 -0.92541 2.7238 -137.22 92.008 -145.96 0.60604 0 0 1 -51 60.31 -60 60 0 0 2 0 0 2 390.5 517.5 110.5 0 1.2074e-06 0 0 0 1 0 1 0
380 1 1 -3.1994 -4.8349 2.6435 -137.13 91.668 -146.43 0.61213 0 0 1 -51 60.31 -60 60 0 0 2 0 0 2 384.5 510.5 109.5 0 0 0 0 0 1 0 1 0
381 1 1 3.7999 3.1587 2.6453 -137.2 91.888 -146.45 0.61271 0 0 1 -51 60.31 -60 60 0 0 2 0 0 2 377.5 502.5 109.5 0 0 0 0 0 1 0 1 0
382 1 1 -0.26799 -0.77077 2.5945 -137.16 91.441 -146.43 0.61252 0 0 1 -51 60.31 -60 60 0 0 2 0 0 2 371.5 495.5 108.5 0 0 0 0 0 1 0 1 0
383 1 1 -3.3179 -4.7398 1.4193 -137.38 90.619 -146.53 0.6134 0 0 1 -51 60.31 -60 60 0 0 2 0 0 2 364.5 488.5 108.5 0 0 0 0 0 1 0 1 0
384 1 1 -3.7369 -4.3423 2.0065 -137.55 90.457 -146.62 0.61918 0 0 1 -51 60.31 -60 60 0 0 2 0 0 2 358.5 480.5 107.5 0 8.5377e-07 0 0 0 1 0 1 0
385 1 1 -1.3156 -0.74507 1.7205 -137.56 90.221 -146.83 0.62009 0 0 1 -51 60.31 -60 60 0 0 2 0 0 2 352.5 473.5 107.5 0 1.2074e-06 0 0 0 1 0 1 0
386 1 1 -4.2625 -4.8182 2.2413 -137.91 89.428 -146.85 0.62626 0 0 1 -51 60.31 -60 60 0 0 2 0 0 2 345.5 466.5 106.5 0 0+1.2074e-06i 0 0 0 1 0 1 0
387 1 1 5.0835 1.1801 3.7586 49.07 88.421 33.584 0.66034 0 0 1 -51 60.31 -60 60 0 0 2 0 0 3 71.5 547.5 112.5 0 0 0 0 0 1 0 1 0
388 1 1 -1.8956 -4.8203 3.7553 49.09 88.393 33.662 0.66296 0 0 1 -51 60.31 -60 60 0 0 2 0 0 3 78.5 553.5 112.5 0 0 0 0 0 1 0 1 0
389 1 1 -2.1528 -5.1576 3.6202 49.095 88.361 34.199 0.66208 0 0 1 -51 60.31 -60 60 0 0 2 0 0 3 86.5 560.5 113.5 0 0 0 0 0 1 0 1 0
390 1 1 -1.8699 -4.8457 4.5867 49.223 88.569 34.551 0.66012 0 0 1 -51 60.31 -60 60 0 0 2 0 0 3 93.5 566.5 113.5 0 0 0 0 0 1 0 1 0
391 1 1 -1.9881 -4.2344 4.2625 49.284 88.489 34.898 0.66761 0 0 1 -51 60.31 -60 60 0 0 2 0 0 3 101.5 572.5 114.5 0 0 0 0 0 1 0 1 0
392 1 1 -1.7513 -3.9783 4.0895 49.253 88.817 35.031 0.67204 0 0 1 -51 60.31 -60 60 0 0 2 0 0 3 108.5 578.5 115.5 0 1.2074e-06 0 0 0 1 0 1 0
393 1 1 -1.8981 -4.2734 4.7271 49.328 88.919 35.809 0.67008 0 0 1 -51 60.31 -60 60 0 0 2 0 0 3 116.5 585.5 115.5 0 0+1.2074e-06i 0 0 0 1 0 1 0
394 1 1 -5.3139 -6.8251 4.0225 49.35 88.807 36.003 0.66549 0 0 1 -51 60.31 -60 60 0 0 2 0 0 3 123.5 591.5 116.5 0 1.2074e-06 0 0 0 1 0 1 0
395 1 1 1.7644 0.045387 5.6083 49.507 88.923 36.704 0.65725 0 0 1 -51 60.31 -60 60 0 0 2 0 0 3 131.5 597.5 116.5 0 0+1.2074e-06i 0 0 0 1 0 1 0
396 1 1 2.1348 0.20037 5.3631 49.587 88.798 36.905 0.64973 0 0 1 -51 60.31 -60 60 0 0 2 0 0 3 138.5 603.5 117.5 0 0 0 0 0 1 0 1 0
397 1 1 2.0116 -0.21579 5.1116 49.72 88.496 37.475 0.65566 0 0 1 -51 60.31 -60 60 0 0 2 0 0 3 146.5 610.5 118.5 0 0 0 0 0 1 0 1 0
398 1 1 -4.9678 -6.2166 5.1083 49.688 88.459 37.457 0.65416 0 0 1 -51 60.31 -60 60 0 0 2 0 0 3 153.5 616.5 118.5 0 0+1.2074e-06i 0 0 0 1 0 1 0
399 1 1 2.2382 0.6702 5.6802 49.741 88.703 38.047 0.6411 0 0 1 -51 60.31 -60 60 0 0 2 0 0 3 161.5 622.5 119.5 0 0+1.2074e-06i 0 0 0 1 0 1 0
400 1 1 -1.2241 -1.963 4.9673 49.67 88.61 38.437 0.64734 0 0 1 -51 60.31 -60 60 0 0 2 0 0 3 168.5 628.5 120.5 0 0 0 0 0 1 0 1 0
401 1 1 -1.865 -2.7907 5.8609 49.675 88.433 38.51 0.64514 0 0 1 -51 60.31 -60 60 0 0 2 0 0 3 176.5 635.5 120.5 0 0 0 0 0 1 0 1 0
402 1 1 -0.95554 -2.2007 5.6794 49.71 88.415 39.027 0.65016 0 0 1 -51 60.31 -60 60 0 0 2 0 0 3 183.5 641.5 121.5 0 0 0 0 0 1 0 1 0
403 1 1 -5.3256 -4.7761 4.9759 49.7 87.958 39.413 0.6466 0 0 1 -51 60.31 -60 60 0 0 2 0 0 3 191.5 647.5 122.5 0 0 0 0 0 1 0 1 0
404 1 1 2.7975 2.0109 5.6625 49.808 88.282 40.272 0.65788 0 0 1 -51 60.31 -60 60 0 0 2 0 0 3 198.5 653.5 123.5 0 0 0 0 0 1 0 1 0
405 1 1 -4.1964 -4.9896 5.6655 49.812 88.258 40.237 0.65803 0 0 1 -51 60.31 -60 60 0 0 2 0 0 3 205.5 660.5 123.5 0 0 0 0 0 1 0 1 0
406 1 1 -4.7792 -4.79 5.58 49.951 88.79 40.433 0.64152 0 0 1 -51 60.31 -60 60 0 0 2 0 0 3 213.5 666.5 124.5 0 0 0 0 0 1 0 1 0
407 1 1 -3.7936 -4.2639 5.3061 50.037 88.882 41.037 0.65506 0 0 1 -51 60.31 -60 60 0 0 2 0 0 3 220.5 672.5 125.5 0 0+1.2074e-06i 0 0 0 1 0 1 0
408 1 1 -0.79144 -0.74644 5.3153 50.155 88.828 41.462 0.63787 0 0 1 -51 60.31 -60 60 0 0 2 0 0 3 228.5 678.5 126.5 0 8.5377e-07 0 0 0 1 0 1 0
409 1 1 0.1771 -1.1992 6.1528 50.228 88.801 42.151 0.65361 0 0 1 -51 60.31 -60 60 0 0 2 0 0 3 235.5 685.5 126.5 0 1.2074e-06 0 0 0 1 0 1 0
410 1 1 -4.225 -3.7915 5.3035 50.121 88.304 42.374 0.64856 0 0 1 -51 60.31 -60 60 0 0 2 0 0 3 243.5 691.5 127.5 0 0 0 0 0 1 0 1 0
411 1 1 4.1177 2.9324 5.8242 50.094 88.79 43.145 0.64368 0 0 1 -51 60.31 -60 60 0 0 2 0 0 3 250.5 697.5 128.5 0 8.5377e-07 0 0 0 1 0 1 0
412 1 1 -3.8747 -4.0619 4.8174 50.08 88.741 43.077 0.64448 0 0 1 -51 60.31 -60 60 0 0 2 0 0 3 258.5 704.5 129.5 0 0+1.2074e-06i 0 0 0 1 0 1 0
413 1 1 4.3164 2.7377 5.4191 49.861 88.793 43.94 0.62425 0 0 1 -51 60.31 -60 60 0 0 2 0 0 3 265.5 710.5 130.5 0 8.5377e-07 0 0 0 1 0 1 0
414 1 1 0.86105 0.20224 4.7052 49.907 88.837 44.224 0.63172 0 0 1 -51 60.31 -60 60 0 0 2 0 0 3 272.5 716.5 131.5 0 0 0 0 0 1 0 1 0
415 1 1 0.76015 0.85846 4.5971 49.843 88.801 45.042 0.62294 0 0 1 -51 60.31 -60 60 0 0 2 0 0 3 280.5 722.5 132.5 0 8.5377e-07 0 0 0 1 0 1 0
416 1 1 1.1378 0.10796 4.295 49.877 88.97 45.038 0.63148 0 0 1 -51 60.31 -60 60 0 0 2 0 0 3 287.5 729.5 133.5 0 0 0 0 0 1 0 1 0
417 1 1 0.95695 0.75163 4.079 49.838 88.824 45.669 0.62797 0 0 1 -51 60.31 -60 60 0 0 2 0 0 3 295.5 735.5 134.5 0 0 0 0 0 1 0 1 0
418 1 1 1.2443 0.97176 3.8548 49.887 88.578 45.866 0.62769 0 0 1 -51 60.31 -60 60 0 0 2 0 0 3 302.5 741.5 135.5 0 8.5377e-07 0 0 0 1 0 1 0
419 1 1 1.1376 1.7045 3.6973 50.061 89.078 46.622 0.62665 0 0 1 -51 60.31 -60 60 0 0 2 0 0 3 310.5 747.5 136.5 0 0 0 0 0 1 0 1 0
420 1 1 -2.292 -1.927 2.862 50.094 88.652 46.886 0.63112 0 0 1 -51 60.31 -60 60 0 0 2 0 0 3 317.5 754.5 137.5 0 1.2074e-06 0 0 0 1 0 1 0
421 1 1 -2.0199 -1.7095 2.671 50.121 88.617 47.085 0.63005 0 0 1 -51 60.31 -60 60 0 0 2 0 0 3 324.5 760.5 138.5 0 0 0 0 0 1 0 1 0
422 1 1 -2.1821 -1.0639 2.5861 50.224 88.782 47.754 0.63385 0 0 1 -51 60.31 -60 60 0 0 2 0 0 3 332.5 766.5 139.5 0 0 0 0 0 1 0 1 0
423 1 1 -1.7401 -0.86935 2.3199 50.158 88.493 47.865 0.62647 0 0 1 -51 60.31 -60 60 0 0 2 0 0 3 339.5 772.5 140.5 0 1.2074e-06 0 0 0 1 0 1 0
424 1 1 -1.8487 -1.2571 2.2454 50.13 88.734 48.518 0.63096 0 0 1 -51 60.31 -60 60 0 0 2 0 0 3 347.5 779.5 141.5 0 0 0 0 0 1 0 1 0
425 1 1 6.2279 5.7074 2.7444 50.02 88.732 49.551 0.62128 0 0 1 -51 60.31 -60 60 0 0 2 0 0 3 354.5 785.5 142.5 0 0+1.2074e-06i 0 0 0 1 0 1 0
426 1 1 2.8277 3.0878 1.885 50.063 88.73 49.663 0.63051 0 0 1 -51 60.31 -60 60 0 0 2 0 0 3 361.5 791.5 143.5 0 0 0 0 0 1 0 1 0
427 1 1 -5.15 -3.9137 0.90557 50.094 88.724 49.705 0.62793 0 0 1 -51 60.31 -60 60 0 0 2 0 0 3 369.5 798.5 144.5 0 0 0 0 0 1 0 1 0
428 1 1 2.9238 3.0852 0.5914 50.077 88.898 50.797 0.60801 0 0 1 -51 60.31 -60 60 0 0 2 0 0 3 376.5 804.5 146.5 0 8.5377e-07 0 0 0 1 0 1 0
429 1 1 -5.0504 -2.904 -0.40597 50.039 88.856 50.792 0.60507 0 0 1 -51 60.31 -60 60 0 0 2 0 0 3 384.5 810.5 147.5 0 1.2074e-06 0 0 0 1 0 1 0
430 1 1 -8.3538 -5.636 -1.3587 50.074 88.873 50.921 0.5751 0 0 1 -51 60.31 -60 60 0 0 2 0 0 3 391.5 816.5 148.5 0 0+1.2074e-06i 0 0 0 1 0 1 0
431 1 1 3.3082 0.060871 -1.8986 73.664 89.824 25.238 0.46237 0 0 1 -51 60.31 -60 60 0 0 2 0 0 4 56.5 832.5 152.5 0 0 0 0 0 1 0 1 0
432 1 1 3.8463 -0.21414 -2.0038 73.718 90.212 25.655 0.47007 0 0 1 -51 60.31 -60 60 0 0 2 0 0 4 65.5 835.5 152.5 0 0 0 0 0 1 0 1 0
433 1 1 -0.39544 -0.77721 -1.3972 73.655 90.036 26.237 0.46531 0 0 1 -51 60.31 -60 60 0 0 2 0 0 4 74.5 837.5 152.5 0 8.5377e-07 0 0 0 1 0 1 0
434 1 1 -0.75753 -1.2281 -1.1469 73.517 90.468 26.498 0.4806 0 0 1 -51 60.31 -60 60 0 0 2 0 0 4 84.5 840.5 152.5 0 0 0 0 0 1 0 1 0
435 1 1 4.3328 -0.14711 -1.1129 73.341 90.982 27.19 0.47848 0 0 1 -51 60.31 -60 60 0 0 2 0 0 4 93.5 843.5 153.5 0 8.5377e-07 0 0 0 1 0 1 0
436 1 1 -1.0248 -0.67355 -1.1934 73.526 90.84 27.257 0.4873 0 0 1 -51 60.31 -60 60 0 0 2 0 0 4 103.5 845.5 153.5 0 0 0 0 0 1 0 1 0
437 1 1 -0.35996 -0.81078 -1.0876 73.679 90.881 27.927 0.47922 0 0 1 -51 60.31 -60 60 0 0 2 0 0 4 112.5 848.5 153.5 0 8.5377e-07 0 0 0 1 0 1 0
438 1 1 0.24964 -1.2221 -0.37769 73.486 90.65 28.172 0.48837 0 0 1 -51 60.31 -60 60 0 0 2 0 0 4 121.5 851.5 153.5 0 1.2074e-06 0 0 0 1 0 1 0
439 1 1 4.355 0.94735 0.15263 73.467 91.26 28.492 0.47897 0 0 1 -51 60.31 -60 60 0 0 2 0 0 4 131.5 853.5 153.5 0 0+1.2074e-06i 0 0 0 1 0 1 0
440 1 1 5.0176 0.77602 -0.74701 73.495 90.84 29.068 0.47826 0 0 1 -51 60.31 -60 60 0 0 2 0 0 4 140.5 856.5 154.5 0 0 0 0 0 1 0 1 0
441 1 1 -0.28761 -0.74694 -0.72234 73.43 90.575 29.397 0.47553 0 0 1 -51 60.31 -60 60 0 0 2 0 0 4 150.5 859.5 154.5 0 1.2074e-06 0 0 0 1 0 1 0
442 1 1 0.32852 -0.11654 -0.58241 73.571 91.277 29.627 0.49317 0 0 1 -51 60.31 -60 60 0 0 2 0 0 4 159.5 861.5 154.5 0 0 0 0 0 1 0 1 0
443 1 1 0.87437 -0.24805 -0.36718 73.58 90.78 30.447 0.49398 0 0 1 -51 60.31 -60 60 0 0 2 0 0 4 168.5 864.5 154.5 0 1.2074e-06 0 0 0 1 0 1 0
444 1 1 5.1437 0.9479 0.32182 73.484 90.602 31.105 0.49322 0 0 1 -51 60.31 -60 60 0 0 2 0 0 4 178.5 867.5 154.5 0 0 0 0 0 1 0 1 0
445 1 1 -3.7781 -1.0993 -0.69703 73.477 90.59 31.025 0.49295 0 0 1 -51 60.31 -60 60 0 0 2 0 0 4 187.5 869.5 155.5 0 0 0 0 0 1 0 1 0
446 1 1 1.2874 0.14928 -0.025341 73.429 90.22 31.898 0.50258 0 0 1 -51 60.31 -60 60 0 0 2 0 0 4 196.5 872.5 155.5 0 0 0 0 0 1 0 1 0
447 1 1 0.89436 -0.06451 -0.036728 73.507 90.679 32.793 0.51779 0 0 1 -51 60.31 -60 60 0 0 2 0 0 4 206.5 875.5 155.5 0 0 0 0 0 1 0 1 0
448 1 1 6.0421 2.2145 0.65857 73.534 90.974 33.587 0.51162 0 0 1 -51 60.31 -60 60 0 0 2 0 0 4 215.5 877.5 155.5 0 0 0 0 0 1 0 1 0
449 1 1 -3.8536 -0.83791 0.68734 73.577 90.452 33.406 0.51937 0 0 1 -51 60.31 -60 60 0 0 2 0 0 4 225.5 880.5 155.5 0 0 0 0 0 1 0 1 0
450 1 1 -3.285 -1.0254 -0.27264 73.579 90.762 34.394 0.51903 0 0 1 -51 60.31 -60 60 0 0 2 0 0 4 234.5 883.5 156.5 0 0 0 0 0 1 0 1 0
451 1 1 1.9021 1.169 0.23098 73.848 90.722 35.157 0.52431 0 0 1 -51 60.31 -60 60 0 0 2 0 0 4 243.5 885.5 156.5 0 0+1.2074e-06i 0 0 0 1 0 1 0
452 1 1 1.6179 0.94577 0.38294 73.827 90.906 35.841 0.51444 0 0 1 -51 60.31 -60 60 0 0 2 0 0 4 253.5 888.5 156.5 0 0 0 0 0 1 0 1 0
453 1 1 2.1349 0.70678 1.3237 73.687 91.037 35.93 0.51512 0 0 1 -51 60.31 -60 60 0 0 2 0 0 4 262.5 891.5 156.5 0 0+1.2074e-06i 0 0 0 1 0 1 0
454 1 1 -3.2426 0.19273 -0.066788 73.774 90.84 36.547 0.51842 0 0 1 -51 60.31 -60 60 0 0 2 0 0 4 272.5 893.5 157.5 0 0+1.2074e-06i 0 0 0 1 0 1 0
455 1 1 -2.6518 -0.14098 0.87241 73.697 91.063 36.668 0.51752 0 0 1 -51 60.31 -60 60 0 0 2 0 0 4 281.5 896.5 157.5 0 0+1.2074e-06i 0 0 0 1 0 1 0
456 1 1 -2.0658 0.75219 1.0961 73.667 91.14 37.41 0.52464 0 0 1 -51 60.31 -60 60 0 0 2 0 0 4 290.5 898.5 157.5 0 0+1.2074e-06i 0 0 0 1 0 1 0
457 1 1 2.167 2.097 1.6523 73.584 90.624 37.949 0.53372 0 0 1 -51 60.31 -60 60 0 0 2 0 0 4 300.5 901.5 157.5 0 8.5377e-07 0 0 0 1 0 1 0
458 1 1 2.7155 2.0273 1.7416 73.464 90.974 38.772 0.52567 0 0 1 -51 60.31 -60 60 0 0 2 0 0 4 309.5 904.5 157.5 0 0+1.2074e-06i 0 0 0 1 0 1 0
459 1 1 2.2887 2.7573 1.6578 73.488 90.843 39.027 0.52011 0 0 1 -51 60.31 -60 60 0 0 2 0 0 4 319.5 906.5 158.5 0 0 0 0 0 1 0 1 0
460 1 1 -2.0555 1.2562 1.1699 73.551 90.933 39.235 0.52452 0 0 1 -51 60.31 -60 60 0 0 2 0 0 4 328.5 909.5 158.5 0 0 0 0 0 1 0 1 0
461 1 1 -1.6005 1.083 1.9954 73.47 91.487 39.584 0.51311 0 0 1 -51 60.31 -60 60 0 0 2 0 0 4 337.5 912.5 158.5 0 0 0 0 0 1 0 1 0
462 1 1 -1.9638 2.002 1.8981 73.647 91.67 40.395 0.52161 0 0 1 -51 60.31 -60 60 0 0 2 0 0 4 347.5 914.5 158.5 0 0+1.2074e-06i 0 0 0 1 0 1 0
463 1 1 -1.3854 1.8924 1.8615 73.74 92.036 41.521 0.48806 0 0 1 -51 60.31 -60 60 0 0 2 0 0 4 356.5 917.5 158.5 0 0 0 0 0 1 0 1 0
464 1 1 -1.8126 1.6993 1.4191 73.696 91.942 41.881 0.48088 0 0 1 -51 60.31 -60 60 0 0 2 0 0 4 366.5 920.5 159.5 0 0 0 0 0 1 0 1 0
465 1 1 3.3086 4.0092 1.6457 73.874 91.701 42.385 0.45929 0 0 1 -51 60.31 -60 60 0 0 2 0 0 4 375.5 922.5 159.5 0 8.5377e-07 0 0 0 1 0 1 0
466 1 1 3.9124 3.8416 1.4009 73.993 92.173 43.561 0.44938 0 0 1 -51 60.31 -60 60 0 0 2 0 0 4 384.5 925.5 159.5 0 1.2074e-06 0 0 0 1 0 1 0
467 1 1 -6.0097 0.7803 1.3838 74.101 92.046 43.559 0.43544 0 0 1 -51 60.31 -60 60 0 0 2 0 0 4 394.5 928.5 159.5 0 8.5377e-07 0 0 0 1 0 1 0
468 1 1 -1.744 -1.2509 -9.1813 -108.86 92.017 -68.09 0.49171 0 0 1 -51 60.31 -60 60 0 0 2 0 0 5 60.5 788.5 152.5 0 0+1.2074e-06i 0 0 0 1 0 1 0
469 1 1 3.3386 -0.053852 -8.3016 -108.93 91.787 -67.903 0.49613 0 0 1 -51 60.31 -60 60 0 0 2 0 0 5 69.5 791.5 152.5 0 0 0 0 0 1 0 1 0
470 1 1 3.8902 -0.20847 -8.3495 -109 91.997 -68.002 0.50589 0 0 1 -51 60.31 -60 60 0 0 2 0 0 5 78.5 794.5 152.5 0 8.5377e-07 0 0 0 1 0 1 0
471 1 1 -6.0031 -2.2547 -8.3646 -109.04 92.048 -68.056 0.50322 0 0 1 -51 60.31 -60 60 0 0 2 0 0 5 88.5 796.5 152.5 0 0 0 0 0 1 0 1 0
472 1 1 -0.86695 -1.0267 -7.399 -108.87 92.362 -67.598 0.50885 0 0 1 -51 60.31 -60 60 0 0 2 0 0 5 97.5 799.5 152.5 0 0 0 0 0 1 0 1 0
473 1 1 -0.31003 -1.2067 -7.3977 -108.84 92.041 -68.075 0.49814 0 0 1 -51 60.31 -60 60 0 0 2 0 0 5 106.5 802.5 152.5 0 0 0 0 0 1 0 1 0
474 1 1 3.8801 0.073776 -6.7085 -108.9 91.93 -67.542 0.50707 0 0 1 -51 60.31 -60 60 0 0 2 0 0 5 116.5 805.5 152.5 0 0 0 0 0 1 0 1 0
475 1 1 -5.0616 -2.0083 -6.7267 -108.86 91.94 -67.583 0.50511 0 0 1 -51 60.31 -60 60 0 0 2 0 0 5 125.5 807.5 152.5 0 0 0 0 0 1 0 1 0
476 1 1 -0.83289 -0.7602 -5.9959 -108.81 91.721 -67.249 0.49736 0 0 1 -51 60.31 -60 60 0 0 2 0 0 5 135.5 810.5 152.5 0 0 0 0 0 1 0 1 0
477 1 1 -0.29898 -0.99232 -5.8207 -108.69 91.684 -67.477 0.49548 0 0 1 -51 60.31 -60 60 0 0 2 0 0 5 144.5 813.5 152.5 0 0 0 0 0 1 0 1 0
478 1 1 4.8822 0.20767 -5.3916 -108.56 90.88 -67.213 0.50556 0 0 1 -51 60.31 -60 60 0 0 2 0 0 5 153.5 816.5 152.5 0 0+1.2074e-06i 0 0 0 1 0 1 0
479 1 1 4.5973 0.98559 -5.262 -108.6 90.827 -67.724 0.50345 0 0 1 -51 60.31 -60 60 0 0 2 0 0 5 163.5 818.5 152.5 0 0 0 0 0 1 0 1 0
480 1 1 0.24183 -0.69876 -4.6907 -108.45 91.049 -67.334 0.5025 0 0 1 -51 60.31 -60 60 0 0 2 0 0 5 172.5 821.5 152.5 0 0 0 0 0 1 0 1 0
481 1 1 0.76743 -0.86388 -4.7343 -108.59 91.357 -67.619 0.51679 0 0 1 -51 60.31 -60 60 0 0 2 0 0 5 181.5 824.5 152.5 0 1.2074e-06 0 0 0 1 0 1 0
482 1 1 0.34238 -0.23476 -4.0195 -108.66 91.087 -67.039 0.50967 0 0 1 -51 60.31 -60 60 0 0 2 0 0 5 191.5 826.5 152.5 0 0 0 0 0 1 0 1 0
483 1 1 -3.9021 -1.7384 -4.0449 -108.74 91.103 -67.666 0.51013 0 0 1 -51 60.31 -60 60 0 0 2 0 0 5 200.5 829.5 152.5 0 0 0 0 0 1 0 1 0
484 1 1 5.2167 0.76154 -3.2901 -108.75 91.23 -67.417 0.51406 0 0 1 -51 60.31 -60 60 0 0 2 0 0 5 210.5 832.5 152.5 0 0 0 0 0 1 0 1 0
485 1 1 0.77024 -0.75091 -3.4 -108.63 91.352 -67.707 0.52436 0 0 1 -51 60.31 -60 60 0 0 2 0 0 5 219.5 835.5 152.5 0 8.5377e-07 0 0 0 1 0 1 0
486 1 1 1.3765 -0.13269 -2.7151 -108.56 91.095 -67.252 0.51841 0 0 1 -51 60.31 -60 60 0 0 2 0 0 5 228.5 837.5 152.5 0 0 0 0 0 1 0 1 0
487 1 1 1.1045 -0.26524 -2.607 -108.57 91.383 -67.352 0.52127 0 0 1 -51 60.31 -60 60 0 0 2 0 0 5 238.5 840.5 152.5 0 0 0 0 0 1 0 1 0
488 1 1 -3.2853 -1.7686 -2.6205 -108.56 91.372 -67.741 0.52015 0 0 1 -51 60.31 -60 60 0 0 2 0 0 5 247.5 843.5 152.5 0 1.2074e-06 0 0 0 1 0 1 0
489 1 1 -2.7265 -1.1687 -2.0667 -108.5 91.036 -66.968 0.52911 0 0 1 -51 60.31 -60 60 0 0 2 0 0 5 256.5 845.5 152.5 0 0 0 0 0 1 0 1 0
490 1 1 -3.1312 -1.3135 -2.1293 -108.62 90.879 -67.114 0.52559 0 0 1 -51 60.31 -60 60 0 0 2 0 0 5 266.5 848.5 152.5 0 8.5377e-07 0 0 0 1 0 1 0
491 1 1 2.1383 -0.17345 -1.684 -108.68 90.823 -66.838 0.53339 0 0 1 -51 60.31 -60 60 0 0 2 0 0 5 275.5 851.5 152.5 0 0 0 0 0 1 0 1 0
492 1 1 -3.2584 -1.693 -1.7194 -108.53 91.055 -67.22 0.52693 0 0 1 -51 60.31 -60 60 0 0 2 0 0 5 285.5 854.5 152.5 0 0 0 0 0 1 0 1 0
493 1 1 -2.6811 -1.0128 -1.0343 -108.67 91.352 -66.645 0.53585 0 0 1 -51 60.31 -60 60 0 0 2 0 0 5 294.5 856.5 152.5 0 8.5377e-07 0 0 0 1 0 1 0
494 1 1 -2.1333 -1.1621 -1.038 -108.83 90.904 -66.744 0.53853 0 0 1 -51 60.31 -60 60 0 0 2 0 0 5 303.5 859.5 152.5 0 0 0 0 0 1 0 1 0
495 1 1 2.0892 0.13531 -0.61343 -108.85 90.815 -66.512 0.53682 0 0 1 -51 60.31 -60 60 0 0 2 0 0 5 313.5 862.5 152.5 0 0 0 0 0 1 0 1 0
496 1 1 2.6539 -0.038723 -0.61895 -108.86 90.952 -66.572 0.51764 0 0 1 -51 60.31 -60 60 0 0 2 0 0 5 322.5 865.5 152.5 0 0 0 0 0 1 0 1 0
497 1 1 3.2383 0.70051 -0.090313 -108.88 90.816 -66.232 0.52376 0 0 1 -51 60.31 -60 60 0 0 2 0 0 5 331.5 867.5 152.5 0 0 0 0 0 1 0 1 0
498 1 1 -2.1789 -0.79696 -0.17891 -108.79 90.405 -66.621 0.52596 0 0 1 -51 60.31 -60 60 0 0 2 0 0 5 341.5 870.5 152.5 0 0 0 0 0 1 0 1 0
499 1 1 -1.6064 -1.1527 0.3702 -108.78 90.299 -66.338 0.51178 0 0 1 -51 60.31 -60 60 0 0 2 0 0 5 350.5 873.5 152.5 0 8.5377e-07 0 0 0 1 0 1 0
